  Z =   3.000000D-02          X =   0.000000D+00


                                        log R

    log T    -7.000 -6.500 -6.000 -5.500 -5.000 -4.500 -4.000 -3.500 -3.000 -2.500 -2.000 -1.500 -1.000 -0.500  0.000  0.500  1.000

    3.000000 -0.353 -0.156  0.149  0.327  0.445  0.524  0.615  0.687  0.709  0.713  0.713  0.713  0.713  0.713  0.713  0.713  0.713
    3.050000 -7.313 -7.462 -1.622 -1.192 -0.906 -0.104  0.199  0.337  0.465  0.560  0.659  0.701  0.753  0.767  0.769  0.769  0.770
    3.100000 -6.866 -6.932 -7.003 -7.103 -7.229 -7.370 -7.516 -1.420 -1.045 -0.554  0.051  0.143  0.391  0.598  0.717  0.771  0.817
    3.150000 -6.193 -6.374 -6.541 -6.680 -6.785 -6.868 -6.956 -7.065 -7.192 -7.323 -7.442 -7.530 -1.126 -0.875 -0.363 -0.100  0.445
    3.200000 -5.620 -5.684 -5.792 -5.945 -6.126 -6.309 -6.477 -6.616 -6.725 -6.819 -6.913 -6.995 -7.040 -7.030 -6.969 -6.874 -1.044
    3.250000 -5.229 -5.305 -5.383 -5.449 -5.512 -5.600 -5.734 -5.904 -6.090 -6.265 -6.405 -6.492 -6.517 -6.481 -6.394 -6.271 -6.127
    3.300000 -5.092 -5.055 -5.041 -5.063 -5.118 -5.191 -5.265 -5.336 -5.423 -5.540 -5.676 -5.795 -5.852 -5.820 -5.706 -5.549 -5.381
    3.350000 -4.866 -4.959 -4.999 -4.982 -4.936 -4.905 -4.907 -4.942 -4.999 -5.057 -5.095 -5.102 -5.065 -4.981 -4.864 -4.727 -4.578
    3.400000 -4.381 -4.485 -4.605 -4.718 -4.801 -4.837 -4.819 -4.769 -4.727 -4.704 -4.678 -4.615 -4.483 -4.290 -4.079 -3.886 -3.728
    3.450000 -4.162 -4.175 -4.216 -4.282 -4.371 -4.473 -4.560 -4.612 -4.616 -4.560 -4.455 -4.296 -4.068 -3.796 -3.519 -3.258 -3.026
    3.500000 -4.184 -4.161 -4.129 -4.101 -4.090 -4.107 -4.152 -4.219 -4.283 -4.312 -4.277 -4.136 -3.875 -3.538 -3.180 -2.839 -2.540
    3.550000 -4.060 -4.126 -4.152 -4.142 -4.105 -4.051 -3.991 -3.943 -3.916 -3.908 -3.896 -3.827 -3.656 -3.385 -3.046 -2.674 -2.298
    3.600000 -3.698 -3.791 -3.902 -4.003 -4.068 -4.083 -4.047 -3.970 -3.859 -3.725 -3.579 -3.420 -3.242 -3.038 -2.784 -2.481 -2.142
    3.650000 -3.547 -3.583 -3.618 -3.676 -3.764 -3.863 -3.940 -3.963 -3.911 -3.777 -3.565 -3.284 -2.964 -2.650 -2.369 -2.122 -1.877
    3.700000 -3.269 -3.358 -3.446 -3.509 -3.549 -3.587 -3.643 -3.711 -3.756 -3.727 -3.577 -3.296 -2.918 -2.503 -2.106 -1.759 -1.469
    3.750000 -3.122 -3.138 -3.176 -3.242 -3.327 -3.403 -3.449 -3.471 -3.481 -3.468 -3.382 -3.175 -2.846 -2.435 -1.996 -1.573 -1.196
    3.800000 -3.081 -3.075 -3.073 -3.078 -3.096 -3.135 -3.195 -3.252 -3.269 -3.222 -3.098 -2.890 -2.607 -2.266 -1.881 -1.465 -1.050
    3.850000 -3.043 -3.046 -3.035 -3.020 -3.006 -2.992 -2.988 -2.991 -2.995 -2.963 -2.837 -2.597 -2.282 -1.942 -1.598 -1.238 -0.850
    3.900000 -2.658 -2.805 -2.904 -2.949 -2.952 -2.929 -2.889 -2.842 -2.777 -2.682 -2.527 -2.295 -1.987 -1.636 -1.285 -0.943 -0.599
    3.950000 -1.971 -2.178 -2.372 -2.547 -2.686 -2.778 -2.809 -2.777 -2.675 -2.501 -2.257 -1.963 -1.644 -1.311 -0.957 -0.638 -0.260
    4.000000 -1.353 -1.536 -1.725 -1.920 -2.103 -2.267 -2.405 -2.480 -2.481 -2.351 -2.097 -1.767 -1.411 -1.046 -0.695 -0.343  0.046
    4.050000 -1.022 -1.093 -1.202 -1.342 -1.484 -1.615 -1.731 -1.803 -1.837 -1.790 -1.658 -1.429 -1.116 -0.759 -0.394 -0.038  0.319
    4.100000 -0.947 -0.943 -0.946 -0.960 -0.986 -1.017 -1.040 -1.046 -1.032 -0.988 -0.911 -0.788 -0.610 -0.365 -0.065  0.281  0.639
    4.150000 -0.918 -0.901 -0.875 -0.825 -0.735 -0.618 -0.499 -0.398 -0.312 -0.228 -0.144 -0.041  0.085  0.249  0.458  0.721  1.026
    4.200000 -0.920 -0.894 -0.855 -0.785 -0.663 -0.478 -0.247 -0.011  0.196  0.362  0.497  0.623  0.755  0.903  1.070  1.261  1.487
    4.250000 -0.922 -0.896 -0.857 -0.787 -0.660 -0.456 -0.178  0.142  0.459  0.736  0.960  1.143  1.308  1.469  1.628  1.790  1.970
    4.300000 -0.913 -0.892 -0.857 -0.791 -0.670 -0.473 -0.193  0.155  0.537  0.908  1.233  1.499  1.715  1.900  2.069  2.233  2.397
    4.350000 -0.867 -0.864 -0.843 -0.790 -0.684 -0.502 -0.234  0.114  0.518  0.943  1.352  1.708  1.992  2.218  2.409  2.577  2.724
    4.400000 -0.760 -0.776 -0.775 -0.744 -0.664 -0.509 -0.264  0.072  0.479  0.928  1.386  1.813  2.173  2.461  2.685  2.864  3.011
    4.450000 -0.646 -0.651 -0.645 -0.619 -0.558 -0.437 -0.233  0.064  0.449  0.899  1.380  1.852  2.276  2.630  2.909  3.122  3.286
    4.500000 -0.584 -0.558 -0.518 -0.454 -0.365 -0.244 -0.072  0.171  0.500  0.909  1.378  1.867  2.334  2.743  3.080  3.343  3.536
    4.550000 -0.576 -0.531 -0.457 -0.339 -0.182  0.000  0.197  0.415  0.680  1.016  1.427  1.892  2.371  2.821  3.207  3.515  3.736
    4.600000 -0.575 -0.532 -0.453 -0.312 -0.098  0.173  0.461  0.731  0.986  1.259  1.586  1.981  2.429  2.889  3.305  3.647  3.901
    4.650000 -0.576 -0.535 -0.461 -0.326 -0.102  0.212  0.584  0.955  1.284  1.569  1.847  2.162  2.544  2.972  3.393  3.760  4.044
    4.700000 -0.572 -0.534 -0.469 -0.345 -0.137  0.171  0.566  1.007  1.438  1.812  2.123  2.413  2.734  3.105  3.498  3.866  4.172
    4.750000 -0.568 -0.531 -0.471 -0.359 -0.168  0.117  0.493  0.941  1.427  1.897  2.305  2.645  2.957  3.282  3.632  3.981  4.293
    4.800000 -0.568 -0.531 -0.472 -0.367 -0.189  0.078  0.432  0.857  1.339  1.850  2.344  2.776  3.140  3.465  3.786  4.106  4.413
    4.850000 -0.568 -0.530 -0.470 -0.369 -0.200  0.055  0.393  0.798  1.257  1.764  2.292  2.794  3.231  3.599  3.928  4.235  4.529
    4.900000 -0.558 -0.520 -0.462 -0.365 -0.202  0.043  0.372  0.766  1.211  1.703  2.230  2.757  3.246  3.670  4.033  4.350  4.635
    4.950000 -0.532 -0.498 -0.442 -0.350 -0.196  0.041  0.365  0.757  1.197  1.679  2.194  2.722  3.233  3.698  4.099  4.437  4.719
    5.000000 -0.477 -0.448 -0.399 -0.312 -0.166  0.062  0.381  0.774  1.212  1.689  2.192  2.712  3.225  3.712  4.139  4.494  4.772
    5.050000 -0.387 -0.361 -0.316 -0.237 -0.101  0.112  0.415  0.797  1.235  1.711  2.209  2.723  3.237  3.729  4.165  4.523  4.788
    5.100000 -0.276 -0.243 -0.196 -0.117  0.012  0.207  0.483  0.842  1.271  1.742  2.238  2.748  3.261  3.748  4.175  4.520  4.764
    5.150000 -0.193 -0.139 -0.072  0.021  0.156  0.343  0.596  0.926  1.334  1.791  2.279  2.783  3.287  3.754  4.156  4.475  4.696
    5.200000 -0.172 -0.090  0.006  0.130  0.289  0.489  0.736  1.043  1.423  1.859  2.332  2.817  3.294  3.728  4.095  4.386  4.592
    5.250000 -0.217 -0.115  0.011  0.168  0.361  0.590  0.849  1.150  1.509  1.924  2.374  2.832  3.269  3.659  3.990  4.258  4.461
    5.300000 -0.307 -0.198 -0.057  0.125  0.352  0.613  0.899  1.211  1.564  1.960  2.386  2.811  3.206  3.555  3.855  4.109  4.316
    5.350000 -0.415 -0.311 -0.172  0.017  0.262  0.557  0.879  1.219  1.579  1.962  2.364  2.757  3.115  3.429  3.707  3.954  4.167
    5.400000 -0.518 -0.426 -0.300 -0.121  0.130  0.448  0.806  1.176  1.550  1.929  2.313  2.681  3.009  3.296  3.559  3.803  4.020
    5.450000 -0.595 -0.523 -0.415 -0.252 -0.009  0.318  0.702  1.102  1.495  1.877  2.248  2.594  2.899  3.166  3.419  3.661  3.880
    5.500000 -0.645 -0.595 -0.508 -0.364 -0.137  0.188  0.587  1.013  1.427  1.816  2.179  2.506  2.792  3.043  3.290  3.531  3.747
    5.550000 -0.671 -0.641 -0.579 -0.462 -0.256  0.061  0.470  0.919  1.355  1.753  2.109  2.422  2.692  2.932  3.172  3.412  3.624
    5.600000 -0.682 -0.664 -0.625 -0.538 -0.363 -0.064  0.348  0.817  1.276  1.686  2.041  2.344  2.601  2.832  3.067  3.303  3.510
    5.650000 -0.685 -0.674 -0.649 -0.589 -0.452 -0.188  0.212  0.696  1.182  1.614  1.976  2.273  2.521  2.746  2.976  3.206  3.407
    5.700000 -0.686 -0.677 -0.658 -0.616 -0.515 -0.298  0.070  0.558  1.072  1.533  1.909  2.208  2.452  2.672  2.896  3.119  3.309
    5.750000 -0.687 -0.678 -0.662 -0.627 -0.548 -0.375 -0.052  0.418  0.951  1.441  1.838  2.144  2.389  2.607  2.826  3.040  3.214
    5.800000 -0.687 -0.678 -0.663 -0.632 -0.566 -0.423 -0.144  0.295  0.829  1.342  1.760  2.079  2.328  2.547  2.762  2.968  3.126
    5.850000 -0.688 -0.679 -0.664 -0.635 -0.574 -0.448 -0.203  0.199  0.716  1.240  1.678  2.011  2.268  2.491  2.705  2.903  3.047
    5.900000 -0.687 -0.680 -0.666 -0.637 -0.580 -0.464 -0.241  0.130  0.623  1.145  1.597  1.944  2.211  2.441  2.653  2.842  2.969
    5.950000 -0.686 -0.679 -0.665 -0.638 -0.583 -0.474 -0.264  0.085  0.557  1.069  1.526  1.884  2.162  2.397  2.605  2.781  2.889
    6.000000 -0.683 -0.674 -0.660 -0.635 -0.584 -0.480 -0.277  0.059  0.513  1.012  1.469  1.834  2.121  2.361  2.560  2.720  2.815
    6.100000 -0.679 -0.667 -0.649 -0.623 -0.576 -0.480 -0.292  0.019  0.440  0.913  1.367  1.749  2.053  2.288  2.462  2.595  2.668
    6.200000 -0.689 -0.675 -0.652 -0.615 -0.558 -0.463 -0.292 -0.012  0.378  0.834  1.286  1.671  1.972  2.183  2.324  2.435  2.474
    6.300000 -0.697 -0.691 -0.677 -0.643 -0.575 -0.459 -0.276 -0.006  0.360  0.792  1.221  1.582  1.848  2.023  2.147  2.264  2.234
    6.400000 -0.699 -0.696 -0.691 -0.675 -0.629 -0.518 -0.309 -0.006  0.366  0.766  1.140  1.442  1.664  1.817  1.950  2.081  1.956
    6.500000 -0.700 -0.699 -0.696 -0.687 -0.661 -0.585 -0.404 -0.094  0.298  0.684  1.004  1.252  1.441  1.594  1.752  1.896  1.642
    6.600000 -0.702 -0.701 -0.699 -0.692 -0.675 -0.623 -0.490 -0.230  0.134  0.506  0.808  1.032  1.210  1.374  1.559  1.700  1.300
    6.700000 -0.703 -0.703 -0.701 -0.697 -0.684 -0.647 -0.550 -0.348 -0.043  0.292  0.580  0.801  0.983  1.167  1.378  1.488  0.937
    6.800000 -0.704 -0.704 -0.703 -0.701 -0.692 -0.667 -0.597 -0.444 -0.200  0.087  0.353  0.573  0.771  0.981  1.214  1.258  0.560
    6.900000 -0.706 -0.705 -0.704 -0.702 -0.696 -0.678 -0.629 -0.518 -0.329 -0.084  0.158  0.380  0.596  0.831  1.066  0.992  0.175
    7.000000 -0.708 -0.707 -0.706 -0.703 -0.695 -0.680 -0.644 -0.565 -0.420 -0.217  0.002  0.228  0.474  0.708  0.926  0.689 -0.215
    7.100000 -0.710 -0.710 -0.709 -0.707 -0.699 -0.680 -0.644 -0.574 -0.454 -0.284 -0.085  0.140  0.370  0.593  0.761  0.354 -0.607
    7.200000 -0.714 -0.714 -0.713 -0.711 -0.705 -0.689 -0.650 -0.576 -0.460 -0.308 -0.133  0.066  0.256  0.468  0.570 -0.008 -0.998
    7.300000 -0.718 -0.718 -0.718 -0.716 -0.712 -0.701 -0.669 -0.601 -0.485 -0.343 -0.190 -0.034  0.132  0.333  0.339 -0.381 -1.386
    7.400000 -0.723 -0.723 -0.723 -0.722 -0.719 -0.712 -0.691 -0.638 -0.542 -0.418 -0.283 -0.151  0.009  0.202  0.073 -0.760 -1.769
    7.500000 -0.729 -0.729 -0.729 -0.728 -0.727 -0.722 -0.708 -0.671 -0.604 -0.504 -0.385 -0.260 -0.101  0.060 -0.238 -1.142 -2.145
    7.600000 -0.737 -0.737 -0.737 -0.736 -0.735 -0.732 -0.722 -0.697 -0.653 -0.574 -0.473 -0.353 -0.198 -0.095 -0.570 -1.518 -2.509
    7.700000 -0.746 -0.746 -0.746 -0.746 -0.745 -0.743 -0.735 -0.719 -0.688 -0.625 -0.543 -0.432 -0.291 -0.283 -0.921 -1.887 -2.858
    7.800000 -0.757 -0.758 -0.758 -0.758 -0.757 -0.755 -0.750 -0.740 -0.714 -0.665 -0.596 -0.502 -0.387 -0.517 -1.280 -2.243 -3.187
    7.900000 -0.772 -0.772 -0.772 -0.773 -0.772 -0.771 -0.767 -0.761 -0.738 -0.700 -0.645 -0.569 -0.500 -0.799 -1.637 -2.583 -3.495
    8.000000 -0.788 -0.788 -0.788 -0.788 -0.788 -0.787 -0.785 -0.780 -0.760 -0.732 -0.691 -0.635 -0.634 -1.099 -1.981 -2.902 -3.780
    8.100000 -0.808 -0.808 -0.808 -0.808 -0.808 -0.807 -0.808 -0.800 -0.787 -0.767 -0.740 -0.707 -0.807 -1.417 -2.308 -3.198 -4.044
    8.300000 -0.861 -0.861 -0.862 -0.862 -0.861 -0.862 -0.862 -0.857 -0.852 -0.849 -0.854 -0.902 -1.273 -2.045 -2.900 -3.727 -4.521
    8.500000 -0.932 -0.932 -0.932 -0.932 -0.933 -0.932 -0.931 -0.932 -0.935 -0.950 -1.000 -1.205 -1.853 -2.627 -3.417 -4.193 -4.956
    8.700001 -1.004 -1.016 -1.017 -1.017 -1.018 -1.017 -1.018 -1.021 -1.033 -1.073 -1.215 -1.634 -2.329 -3.098 -3.863 -4.619 -5.370
