  Z =   3.000000D-02          X =   1.000000D-01


                                        log R

    log T    -7.000 -6.500 -6.000 -5.500 -5.000 -4.500 -4.000 -3.500 -3.000 -2.500 -2.000 -1.500 -1.000 -0.500  0.000  0.500  1.000

    3.000000 -0.195 -0.000  0.255  0.411  0.514  0.590  0.674  0.739  0.756  0.759  0.760  0.760  0.760  0.760  0.760  0.760  0.760
    3.050000 -2.308 -2.308 -1.133 -0.846 -0.636  0.044  0.301  0.420  0.535  0.622  0.714  0.754  0.800  0.812  0.812  0.813  0.813
    3.100000 -2.322 -2.318 -2.317 -2.316 -2.317 -2.316 -2.318 -1.008 -0.743 -0.322  0.173  0.256  0.473  0.667  0.773  0.821  0.861
    3.150000 -2.882 -2.510 -2.386 -2.348 -2.335 -2.330 -2.328 -2.328 -2.328 -2.327 -2.327 -2.329 -0.813 -0.621 -0.171  0.065  0.537
    3.200000 -4.966 -4.405 -3.676 -2.984 -2.505 -2.297 -2.227 -2.202 -2.192 -2.187 -2.185 -2.185 -2.184 -2.186 -2.186 -2.185 -0.733
    3.250000 -5.192 -5.199 -5.076 -4.715 -4.097 -3.361 -2.696 -2.253 -2.048 -1.973 -1.945 -1.932 -1.926 -1.923 -1.921 -1.920 -1.918
    3.300000 -5.066 -5.035 -5.020 -5.017 -4.963 -4.731 -4.226 -3.527 -2.822 -2.258 -1.927 -1.785 -1.730 -1.707 -1.696 -1.691 -1.687
    3.350000 -4.822 -4.918 -4.963 -4.955 -4.915 -4.874 -4.807 -4.601 -4.135 -3.455 -2.765 -2.178 -1.793 -1.604 -1.527 -1.495 -1.479
    3.400000 -4.347 -4.445 -4.561 -4.675 -4.762 -4.803 -4.789 -4.733 -4.628 -4.372 -3.866 -3.189 -2.526 -1.967 -1.593 -1.402 -1.318
    3.450000 -4.129 -4.142 -4.181 -4.243 -4.327 -4.425 -4.509 -4.551 -4.538 -4.458 -4.268 -3.902 -3.364 -2.738 -2.131 -1.632 -1.311
    3.500000 -4.138 -4.117 -4.087 -4.061 -4.050 -4.064 -4.097 -4.135 -4.145 -4.098 -3.986 -3.788 -3.488 -3.095 -2.616 -2.091 -1.581
    3.550000 -4.003 -4.069 -4.094 -4.086 -4.051 -3.998 -3.933 -3.862 -3.775 -3.657 -3.500 -3.299 -3.053 -2.771 -2.461 -2.125 -1.783
    3.600000 -3.559 -3.693 -3.820 -3.927 -3.994 -4.010 -3.969 -3.870 -3.702 -3.462 -3.174 -2.869 -2.572 -2.290 -2.013 -1.720 -1.405
    3.650000 -2.924 -3.125 -3.307 -3.470 -3.616 -3.740 -3.822 -3.827 -3.716 -3.470 -3.115 -2.707 -2.300 -1.924 -1.590 -1.286 -0.995
    3.700000 -2.201 -2.423 -2.644 -2.856 -3.053 -3.227 -3.372 -3.464 -3.462 -3.323 -3.040 -2.650 -2.208 -1.762 -1.344 -0.962 -0.620
    3.750000 -1.629 -1.801 -1.996 -2.202 -2.408 -2.602 -2.771 -2.891 -2.925 -2.846 -2.654 -2.378 -2.035 -1.636 -1.206 -0.777 -0.370
    3.800000 -1.382 -1.429 -1.520 -1.651 -1.807 -1.967 -2.111 -2.214 -2.246 -2.188 -2.043 -1.840 -1.590 -1.304 -0.976 -0.601 -0.192
    3.850000 -1.344 -1.331 -1.326 -1.333 -1.364 -1.415 -1.472 -1.509 -1.506 -1.450 -1.340 -1.187 -0.996 -0.780 -0.534 -0.253  0.072
    3.900000 -1.349 -1.326 -1.292 -1.244 -1.174 -1.080 -0.981 -0.886 -0.799 -0.710 -0.611 -0.494 -0.353 -0.188  0.006  0.225  0.481
    3.950000 -1.323 -1.326 -1.302 -1.245 -1.139 -0.973 -0.752 -0.502 -0.271 -0.087  0.054  0.175  0.290  0.421  0.572  0.753  0.957
    4.000000 -1.132 -1.189 -1.223 -1.213 -1.134 -0.961 -0.691 -0.351  0.005  0.322  0.572  0.757  0.901  1.032  1.169  1.321  1.490
    4.050000 -0.932 -0.984 -1.032 -1.055 -1.021 -0.897 -0.659 -0.313  0.101  0.519  0.884  1.169  1.383  1.549  1.692  1.830  1.978
    4.100000 -0.823 -0.829 -0.840 -0.839 -0.801 -0.701 -0.517 -0.235  0.137  0.567  1.001  1.388  1.700  1.931  2.107  2.254  2.401
    4.150000 -0.807 -0.784 -0.753 -0.699 -0.607 -0.467 -0.280 -0.043  0.253  0.616  1.033  1.465  1.861  2.175  2.410  2.590  2.749
    4.200000 -0.806 -0.778 -0.736 -0.660 -0.528 -0.329 -0.082  0.189  0.468  0.770  1.121  1.523  1.939  2.315  2.616  2.845  3.021
    4.250000 -0.808 -0.779 -0.735 -0.657 -0.520 -0.304 -0.014  0.320  0.659  0.982  1.301  1.646  2.025  2.412  2.758  3.039  3.240
    4.300000 -0.802 -0.776 -0.734 -0.658 -0.523 -0.312 -0.018  0.347  0.748  1.141  1.502  1.839  2.177  2.530  2.877  3.186  3.431
    4.350000 -0.768 -0.756 -0.722 -0.654 -0.529 -0.326 -0.037  0.334  0.761  1.208  1.639  2.029  2.378  2.707  3.028  3.333  3.611
    4.400000 -0.687 -0.689 -0.671 -0.619 -0.510 -0.321 -0.038  0.334  0.770  1.241  1.719  2.169  2.568  2.916  3.231  3.522  3.805
    4.450000 -0.598 -0.593 -0.572 -0.524 -0.431 -0.267 -0.008  0.349  0.783  1.264  1.764  2.254  2.708  3.107  3.451  3.748  4.018
    4.500000 -0.545 -0.517 -0.469 -0.394 -0.284 -0.127  0.101  0.421  0.830  1.303  1.806  2.313  2.802  3.251  3.642  3.971  4.238
    4.550000 -0.536 -0.492 -0.417 -0.298 -0.134  0.065  0.298  0.581  0.937  1.370  1.854  2.359  2.864  3.347  3.780  4.145  4.429
    4.600000 -0.536 -0.493 -0.413 -0.272 -0.058  0.216  0.516  0.821  1.143  1.514  1.943  2.416  2.914  3.412  3.873  4.266  4.574
    4.650000 -0.537 -0.496 -0.421 -0.285 -0.061  0.254  0.628  1.009  1.369  1.718  2.090  2.507  2.974  3.464  3.934  4.345  4.672
    4.700000 -0.533 -0.495 -0.429 -0.304 -0.094  0.215  0.612  1.056  1.496  1.898  2.267  2.644  3.063  3.522  3.979  4.395  4.734
    4.750000 -0.529 -0.492 -0.432 -0.318 -0.125  0.163  0.542  0.992  1.480  1.958  2.389  2.782  3.174  3.591  4.021  4.428  4.772
    4.800000 -0.529 -0.492 -0.433 -0.327 -0.147  0.124  0.482  0.910  1.393  1.905  2.405  2.859  3.268  3.665  4.066  4.454  4.796
    4.850000 -0.529 -0.492 -0.431 -0.329 -0.158  0.100  0.442  0.849  1.311  1.819  2.348  2.856  3.312  3.722  4.112  4.482  4.814
    4.900000 -0.519 -0.483 -0.424 -0.326 -0.161  0.087  0.419  0.816  1.265  1.759  2.285  2.813  3.308  3.751  4.151  4.513  4.831
    4.950000 -0.495 -0.461 -0.406 -0.312 -0.156  0.084  0.410  0.805  1.248  1.733  2.249  2.776  3.288  3.760  4.179  4.542  4.845
    5.000000 -0.442 -0.413 -0.363 -0.276 -0.128  0.104  0.426  0.821  1.261  1.740  2.245  2.765  3.279  3.767  4.199  4.563  4.849
    5.050000 -0.355 -0.329 -0.284 -0.203 -0.066  0.151  0.458  0.843  1.282  1.760  2.260  2.775  3.288  3.779  4.213  4.570  4.831
    5.100000 -0.246 -0.214 -0.166 -0.087  0.044  0.241  0.521  0.884  1.316  1.789  2.286  2.796  3.308  3.791  4.211  4.548  4.783
    5.150000 -0.163 -0.110 -0.044  0.049  0.184  0.372  0.628  0.963  1.375  1.835  2.323  2.826  3.326  3.787  4.180  4.489  4.699
    5.200000 -0.141 -0.061  0.034  0.156  0.314  0.514  0.763  1.074  1.458  1.897  2.370  2.854  3.324  3.749  4.106  4.387  4.584
    5.250000 -0.183 -0.083  0.040  0.195  0.386  0.613  0.872  1.175  1.538  1.955  2.406  2.860  3.289  3.671  3.992  4.252  4.448
    5.300000 -0.270 -0.162 -0.024  0.154  0.377  0.636  0.920  1.232  1.588  1.986  2.411  2.833  3.220  3.560  3.851  4.100  4.300
    5.350000 -0.376 -0.272 -0.135  0.049  0.291  0.581  0.900  1.238  1.598  1.982  2.383  2.774  3.125  3.430  3.701  3.943  4.150
    5.400000 -0.477 -0.385 -0.260 -0.084  0.161  0.474  0.828  1.195  1.568  1.946  2.329  2.694  3.017  3.297  3.554  3.793  4.004
    5.450000 -0.554 -0.482 -0.373 -0.213  0.024  0.346  0.724  1.121  1.512  1.893  2.264  2.607  2.906  3.166  3.414  3.652  3.864
    5.500000 -0.604 -0.553 -0.466 -0.324 -0.101  0.217  0.611  1.033  1.444  1.832  2.194  2.519  2.799  3.045  3.286  3.522  3.733
    5.550000 -0.630 -0.599 -0.537 -0.420 -0.218  0.093  0.496  0.941  1.374  1.769  2.124  2.434  2.699  2.934  3.170  3.404  3.611
    5.600000 -0.641 -0.623 -0.583 -0.497 -0.324 -0.030  0.377  0.843  1.297  1.704  2.056  2.356  2.609  2.835  3.066  3.297  3.498
    5.650000 -0.644 -0.633 -0.608 -0.548 -0.412 -0.151  0.245  0.725  1.207  1.634  1.992  2.286  2.530  2.750  2.975  3.200  3.396
    5.700000 -0.645 -0.636 -0.617 -0.575 -0.475 -0.260  0.107  0.591  1.102  1.557  1.928  2.221  2.461  2.677  2.896  3.114  3.302
    5.750000 -0.646 -0.637 -0.621 -0.586 -0.509 -0.337 -0.015  0.454  0.985  1.469  1.859  2.159  2.399  2.612  2.827  3.037  3.209
    5.800000 -0.646 -0.637 -0.622 -0.591 -0.526 -0.384 -0.106  0.333  0.865  1.372  1.783  2.095  2.338  2.553  2.764  2.966  3.122
    5.850000 -0.647 -0.639 -0.624 -0.594 -0.535 -0.410 -0.165  0.237  0.753  1.272  1.703  2.029  2.280  2.499  2.707  2.902  3.044
    5.900000 -0.647 -0.639 -0.625 -0.596 -0.540 -0.426 -0.203  0.167  0.659  1.178  1.623  1.963  2.224  2.449  2.656  2.843  2.967
    5.950000 -0.645 -0.638 -0.624 -0.597 -0.544 -0.435 -0.227  0.121  0.592  1.102  1.554  1.904  2.176  2.406  2.609  2.782  2.886
    6.000000 -0.642 -0.634 -0.620 -0.595 -0.544 -0.440 -0.239  0.095  0.549  1.046  1.496  1.855  2.135  2.370  2.564  2.722  2.810
    6.100000 -0.638 -0.626 -0.608 -0.582 -0.535 -0.441 -0.254  0.055  0.476  0.947  1.396  1.771  2.069  2.298  2.468  2.600  2.654
    6.200000 -0.648 -0.634 -0.610 -0.573 -0.517 -0.424 -0.254  0.025  0.414  0.867  1.316  1.695  1.988  2.193  2.330  2.440  2.446
    6.300000 -0.656 -0.650 -0.636 -0.602 -0.534 -0.417 -0.236  0.031  0.395  0.824  1.249  1.603  1.863  2.032  2.156  2.270  2.190
    6.400000 -0.658 -0.656 -0.650 -0.633 -0.587 -0.476 -0.268  0.031  0.400  0.796  1.165  1.461  1.677  1.827  1.960  2.085  1.895
    6.500000 -0.659 -0.658 -0.655 -0.646 -0.620 -0.543 -0.362 -0.054  0.333  0.712  1.026  1.268  1.454  1.606  1.763  1.894  1.566
    6.600000 -0.661 -0.660 -0.658 -0.651 -0.633 -0.582 -0.449 -0.189  0.170  0.535  0.829  1.048  1.223  1.388  1.572  1.690  1.213
    6.700000 -0.662 -0.662 -0.660 -0.656 -0.643 -0.606 -0.509 -0.308 -0.008  0.322  0.603  0.818  0.999  1.182  1.390  1.466  0.842
    6.800000 -0.664 -0.663 -0.662 -0.660 -0.651 -0.625 -0.556 -0.405 -0.164  0.118  0.377  0.593  0.789  0.998  1.227  1.219  0.460
    6.900000 -0.665 -0.665 -0.664 -0.661 -0.655 -0.637 -0.588 -0.478 -0.292 -0.053  0.184  0.403  0.617  0.849  1.075  0.935  0.072
    7.000000 -0.667 -0.667 -0.665 -0.662 -0.655 -0.639 -0.604 -0.526 -0.383 -0.185  0.030  0.254  0.495  0.726  0.928  0.616 -0.320
    7.100000 -0.670 -0.669 -0.668 -0.666 -0.658 -0.639 -0.603 -0.535 -0.417 -0.252 -0.056  0.166  0.391  0.610  0.753  0.268 -0.712
    7.200000 -0.673 -0.673 -0.672 -0.670 -0.664 -0.648 -0.609 -0.537 -0.425 -0.277 -0.105  0.091  0.277  0.485  0.548 -0.101 -1.103
    7.300000 -0.677 -0.677 -0.677 -0.675 -0.671 -0.660 -0.629 -0.561 -0.450 -0.312 -0.163 -0.010  0.154  0.349  0.299 -0.478 -1.491
    7.400000 -0.682 -0.682 -0.682 -0.681 -0.678 -0.671 -0.650 -0.598 -0.505 -0.384 -0.253 -0.125  0.033  0.213  0.014 -0.860 -1.873
    7.500000 -0.688 -0.688 -0.688 -0.688 -0.686 -0.681 -0.667 -0.631 -0.565 -0.468 -0.353 -0.232 -0.076  0.066 -0.310 -1.241 -2.247
    7.600000 -0.696 -0.696 -0.696 -0.695 -0.694 -0.691 -0.681 -0.657 -0.613 -0.536 -0.439 -0.324 -0.174 -0.104 -0.654 -1.617 -2.609
    7.700000 -0.705 -0.705 -0.705 -0.705 -0.704 -0.702 -0.695 -0.679 -0.648 -0.586 -0.507 -0.401 -0.269 -0.311 -1.012 -1.985 -2.954
    7.800000 -0.717 -0.717 -0.717 -0.717 -0.716 -0.715 -0.709 -0.700 -0.674 -0.626 -0.560 -0.472 -0.371 -0.564 -1.373 -2.339 -3.281
    7.900000 -0.731 -0.731 -0.732 -0.732 -0.731 -0.730 -0.726 -0.720 -0.697 -0.662 -0.610 -0.539 -0.492 -0.862 -1.729 -2.675 -3.584
    8.000000 -0.747 -0.747 -0.748 -0.748 -0.747 -0.746 -0.744 -0.738 -0.720 -0.694 -0.657 -0.608 -0.641 -1.174 -2.071 -2.990 -3.866
    8.100000 -0.767 -0.767 -0.767 -0.767 -0.767 -0.767 -0.766 -0.759 -0.747 -0.729 -0.706 -0.686 -0.833 -1.498 -2.396 -3.283 -4.126
    8.300000 -0.820 -0.821 -0.821 -0.821 -0.821 -0.821 -0.820 -0.816 -0.813 -0.813 -0.824 -0.899 -1.331 -2.127 -2.981 -3.805 -4.598
    8.500000 -0.891 -0.891 -0.891 -0.891 -0.892 -0.891 -0.891 -0.892 -0.897 -0.916 -0.982 -1.238 -1.922 -2.704 -3.492 -4.267 -5.032
    8.700001 -0.966 -0.975 -0.976 -0.976 -0.977 -0.976 -0.977 -0.981 -0.996 -1.046 -1.216 -1.685 -2.401 -3.171 -3.935 -4.691 -5.444
