  Z =   3.000000D-02          X =   2.000000D-01


                                        log R

    log T    -7.000 -6.500 -6.000 -5.500 -5.000 -4.500 -4.000 -3.500 -3.000 -2.500 -2.000 -1.500 -1.000 -0.500  0.000  0.500  1.000

    3.000000 -0.190  0.027  0.270  0.421  0.520  0.597  0.680  0.743  0.757  0.759  0.760  0.760  0.760  0.760  0.760  0.760  0.760
    3.050000 -2.298 -2.298 -1.105 -0.827 -0.622  0.072  0.316  0.430  0.541  0.631  0.720  0.759  0.802  0.812  0.813  0.814  0.814
    3.100000 -2.303 -2.302 -2.301 -2.301 -2.302 -2.301 -2.303 -0.984 -0.726 -0.262  0.193  0.277  0.486  0.676  0.780  0.825  0.864
    3.150000 -2.591 -2.396 -2.337 -2.318 -2.311 -2.308 -2.307 -2.307 -2.308 -2.307 -2.309 -1.007 -0.796 -0.606 -0.135  0.107  0.555
    3.200000 -4.634 -3.953 -3.218 -2.630 -2.324 -2.218 -2.183 -2.169 -2.163 -2.160 -2.159 -2.159 -2.159 -2.160 -2.160 -2.159 -0.721
    3.250000 -5.150 -5.098 -4.857 -4.352 -3.647 -2.923 -2.367 -2.073 -1.963 -1.923 -1.907 -1.900 -1.896 -1.895 -1.893 -1.891 -1.892
    3.300000 -5.044 -5.016 -4.997 -4.962 -4.818 -4.440 -3.810 -3.088 -2.443 -2.006 -1.798 -1.719 -1.689 -1.675 -1.669 -1.665 -1.663
    3.350000 -4.788 -4.885 -4.934 -4.931 -4.893 -4.835 -4.696 -4.348 -3.741 -3.034 -2.387 -1.906 -1.642 -1.530 -1.486 -1.466 -1.455
    3.400000 -4.323 -4.418 -4.530 -4.643 -4.731 -4.775 -4.763 -4.693 -4.517 -4.121 -3.491 -2.794 -2.174 -1.711 -1.448 -1.328 -1.275
    3.450000 -4.106 -4.119 -4.156 -4.216 -4.297 -4.390 -4.470 -4.506 -4.484 -4.379 -4.117 -3.648 -3.037 -2.390 -1.818 -1.411 -1.184
    3.500000 -4.108 -4.087 -4.059 -4.033 -4.022 -4.033 -4.057 -4.076 -4.062 -3.994 -3.859 -3.632 -3.298 -2.863 -2.343 -1.797 -1.323
    3.550000 -3.965 -4.031 -4.057 -4.049 -4.016 -3.962 -3.892 -3.804 -3.687 -3.535 -3.348 -3.125 -2.867 -2.580 -2.269 -1.937 -1.603
    3.600000 -3.477 -3.627 -3.762 -3.874 -3.944 -3.961 -3.916 -3.801 -3.603 -3.329 -3.013 -2.689 -2.377 -2.084 -1.800 -1.505 -1.197
    3.650000 -2.784 -2.994 -3.190 -3.367 -3.526 -3.658 -3.739 -3.731 -3.593 -3.315 -2.935 -2.513 -2.099 -1.717 -1.373 -1.059 -0.762
    3.700000 -2.045 -2.272 -2.496 -2.712 -2.915 -3.094 -3.237 -3.313 -3.278 -3.108 -2.812 -2.423 -1.984 -1.539 -1.119 -0.733 -0.384
    3.750000 -1.435 -1.624 -1.831 -2.042 -2.250 -2.441 -2.598 -2.691 -2.684 -2.567 -2.357 -2.085 -1.757 -1.379 -0.962 -0.537 -0.128
    3.800000 -1.115 -1.187 -1.304 -1.454 -1.620 -1.777 -1.908 -1.983 -1.977 -1.882 -1.715 -1.505 -1.261 -0.988 -0.679 -0.324  0.071
    3.850000 -1.051 -1.042 -1.043 -1.063 -1.108 -1.167 -1.220 -1.243 -1.218 -1.139 -1.013 -0.849 -0.656 -0.439 -0.201  0.070  0.381
    3.900000 -1.051 -1.026 -0.986 -0.926 -0.842 -0.740 -0.644 -0.558 -0.477 -0.390 -0.289 -0.165 -0.020  0.148  0.341  0.563  0.815
    3.950000 -1.051 -1.035 -0.994 -0.910 -0.772 -0.570 -0.328 -0.084  0.118  0.271  0.392  0.501  0.616  0.747  0.902  1.079  1.285
    4.000000 -0.953 -0.976 -0.970 -0.912 -0.772 -0.537 -0.220  0.135  0.470  0.745  0.951  1.102  1.228  1.350  1.484  1.631  1.798
    4.050000 -0.827 -0.855 -0.867 -0.839 -0.736 -0.529 -0.211  0.188  0.612  1.000  1.314  1.550  1.725  1.865  1.994  2.124  2.269
    4.100000 -0.739 -0.741 -0.738 -0.707 -0.618 -0.445 -0.174  0.190  0.619  1.066  1.477  1.816  2.072  2.260  2.409  2.543  2.678
    4.150000 -0.719 -0.697 -0.663 -0.602 -0.491 -0.314 -0.067  0.246  0.623  1.053  1.504  1.926  2.272  2.533  2.727  2.883  3.021
    4.200000 -0.716 -0.688 -0.644 -0.564 -0.424 -0.216  0.052  0.361  0.702  1.084  1.511  1.956  2.367  2.705  2.959  3.150  3.306
    4.250000 -0.718 -0.688 -0.642 -0.560 -0.417 -0.195  0.102  0.447  0.811  1.183  1.573  1.990  2.418  2.809  3.125  3.364  3.554
    4.300000 -0.712 -0.685 -0.639 -0.558 -0.419 -0.203  0.097  0.469  0.879  1.290  1.687  2.083  2.489  2.889  3.245  3.539  3.771
    4.350000 -0.687 -0.668 -0.628 -0.554 -0.424 -0.216  0.080  0.459  0.893  1.349  1.795  2.214  2.612  2.999  3.366  3.692  3.970
    4.400000 -0.624 -0.615 -0.586 -0.522 -0.404 -0.208  0.083  0.464  0.907  1.385  1.872  2.334  2.759  3.151  3.519  3.854  4.154
    4.450000 -0.553 -0.539 -0.507 -0.444 -0.337 -0.158  0.113  0.483  0.927  1.415  1.922  2.421  2.891  3.316  3.698  4.036  4.337
    4.500000 -0.509 -0.478 -0.424 -0.338 -0.213 -0.039  0.210  0.552  0.979  1.464  1.974  2.491  2.991  3.456  3.870  4.225  4.518
    4.550000 -0.501 -0.457 -0.381 -0.258 -0.089  0.124  0.379  0.691  1.078  1.534  2.033  2.549  3.065  3.560  4.006  4.386  4.689
    4.600000 -0.500 -0.457 -0.377 -0.236 -0.022  0.256  0.569  0.899  1.256  1.664  2.122  2.613  3.125  3.635  4.103  4.503  4.820
    4.650000 -0.501 -0.460 -0.384 -0.247 -0.024  0.292  0.668  1.062  1.446  1.833  2.244  2.695  3.185  3.689  4.165  4.578  4.906
    4.700000 -0.497 -0.460 -0.392 -0.266 -0.055  0.255  0.653  1.100  1.550  1.976  2.382  2.800  3.253  3.733  4.199  4.614  4.950
    4.750000 -0.493 -0.457 -0.396 -0.281 -0.086  0.204  0.586  1.038  1.528  2.014  2.467  2.893  3.322  3.771  4.216  4.624  4.961
    4.800000 -0.494 -0.457 -0.397 -0.290 -0.108  0.166  0.527  0.957  1.442  1.956  2.462  2.934  3.372  3.801  4.223  4.618  4.953
    4.850000 -0.494 -0.457 -0.396 -0.293 -0.120  0.141  0.486  0.897  1.361  1.870  2.399  2.912  3.383  3.817  4.229  4.610  4.937
    4.900000 -0.485 -0.448 -0.389 -0.290 -0.124  0.128  0.462  0.862  1.314  1.809  2.336  2.864  3.363  3.818  4.234  4.607  4.922
    4.950000 -0.462 -0.428 -0.371 -0.277 -0.119  0.123  0.453  0.850  1.296  1.782  2.298  2.826  3.338  3.814  4.240  4.610  4.907
    5.000000 -0.411 -0.382 -0.331 -0.242 -0.092  0.142  0.468  0.864  1.306  1.787  2.293  2.813  3.326  3.813  4.247  4.611  4.887
    5.050000 -0.326 -0.300 -0.254 -0.173 -0.034  0.186  0.496  0.884  1.325  1.805  2.306  2.820  3.332  3.820  4.250  4.600  4.851
    5.100000 -0.219 -0.187 -0.140 -0.059  0.072  0.272  0.555  0.922  1.357  1.831  2.329  2.839  3.347  3.825  4.238  4.564  4.787
    5.150000 -0.136 -0.084 -0.019  0.073  0.208  0.398  0.657  0.996  1.412  1.873  2.362  2.863  3.358  3.811  4.194  4.491  4.690
    5.200000 -0.112 -0.034  0.059  0.179  0.336  0.536  0.786  1.101  1.489  1.930  2.403  2.884  3.347  3.762  4.108  4.379  4.567
    5.250000 -0.152 -0.054  0.067  0.219  0.408  0.633  0.892  1.196  1.562  1.982  2.432  2.883  3.304  3.675  3.986  4.238  4.426
    5.300000 -0.236 -0.130  0.006  0.181  0.400  0.655  0.937  1.250  1.606  2.006  2.431  2.849  3.229  3.558  3.841  4.082  4.277
    5.350000 -0.340 -0.237 -0.102  0.079  0.316  0.601  0.917  1.254  1.613  1.998  2.398  2.786  3.130  3.427  3.690  3.926  4.128
    5.400000 -0.439 -0.349 -0.225 -0.052  0.189  0.496  0.845  1.210  1.581  1.959  2.342  2.703  3.020  3.293  3.543  3.776  3.982
    5.450000 -0.516 -0.444 -0.336 -0.178  0.055  0.370  0.743  1.136  1.525  1.905  2.274  2.615  2.909  3.163  3.405  3.637  3.843
    5.500000 -0.565 -0.514 -0.428 -0.288 -0.069  0.243  0.630  1.048  1.458  1.844  2.204  2.526  2.802  3.042  3.278  3.509  3.713
    5.550000 -0.592 -0.561 -0.499 -0.383 -0.185  0.120  0.517  0.959  1.388  1.782  2.135  2.442  2.703  2.933  3.163  3.392  3.593
    5.600000 -0.603 -0.585 -0.545 -0.459 -0.289  0.000  0.402  0.863  1.314  1.718  2.068  2.365  2.614  2.835  3.061  3.286  3.482
    5.650000 -0.606 -0.595 -0.569 -0.510 -0.376 -0.119  0.274  0.750  1.228  1.651  2.005  2.295  2.535  2.751  2.971  3.192  3.383
    5.700000 -0.607 -0.598 -0.579 -0.537 -0.438 -0.226  0.138  0.620  1.127  1.577  1.943  2.232  2.467  2.679  2.893  3.106  3.291
    5.750000 -0.608 -0.599 -0.583 -0.549 -0.472 -0.302  0.018  0.486  1.013  1.492  1.876  2.170  2.405  2.615  2.824  3.030  3.200
    5.800000 -0.609 -0.600 -0.585 -0.554 -0.490 -0.350 -0.072  0.366  0.896  1.399  1.802  2.108  2.346  2.557  2.763  2.961  3.116
    5.850000 -0.610 -0.601 -0.586 -0.558 -0.498 -0.375 -0.132  0.270  0.785  1.301  1.725  2.043  2.289  2.503  2.707  2.899  3.040
    5.900000 -0.609 -0.602 -0.587 -0.560 -0.504 -0.390 -0.169  0.200  0.692  1.207  1.646  1.979  2.235  2.454  2.657  2.841  2.964
    5.950000 -0.608 -0.601 -0.587 -0.560 -0.507 -0.400 -0.193  0.154  0.624  1.131  1.577  1.922  2.187  2.412  2.611  2.782  2.883
    6.000000 -0.605 -0.597 -0.583 -0.558 -0.508 -0.405 -0.205  0.128  0.581  1.075  1.521  1.873  2.147  2.376  2.567  2.724  2.805
    6.100000 -0.600 -0.588 -0.571 -0.546 -0.499 -0.406 -0.220  0.088  0.507  0.977  1.422  1.791  2.082  2.305  2.472  2.604  2.640
    6.200000 -0.610 -0.596 -0.573 -0.536 -0.480 -0.387 -0.219  0.057  0.445  0.897  1.342  1.715  2.002  2.200  2.336  2.445  2.419
    6.300000 -0.619 -0.613 -0.598 -0.563 -0.495 -0.380 -0.201  0.064  0.426  0.853  1.274  1.622  1.875  2.040  2.162  2.273  2.150
    6.400000 -0.621 -0.619 -0.613 -0.596 -0.549 -0.437 -0.231  0.065  0.430  0.822  1.187  1.478  1.688  1.836  1.968  2.086  1.842
    6.500000 -0.622 -0.621 -0.617 -0.608 -0.581 -0.504 -0.324 -0.018  0.364  0.737  1.045  1.282  1.465  1.616  1.773  1.891  1.502
    6.600000 -0.623 -0.622 -0.620 -0.614 -0.596 -0.544 -0.411 -0.153  0.203  0.562  0.848  1.062  1.235  1.399  1.582  1.679  1.141
    6.700000 -0.625 -0.624 -0.623 -0.619 -0.606 -0.568 -0.472 -0.273  0.025  0.349  0.623  0.834  1.012  1.196  1.401  1.444  0.765
    6.800000 -0.626 -0.626 -0.625 -0.622 -0.613 -0.588 -0.519 -0.369 -0.132  0.144  0.399  0.611  0.806  1.013  1.237  1.183  0.380
    6.900000 -0.628 -0.627 -0.626 -0.624 -0.618 -0.599 -0.550 -0.442 -0.259 -0.025  0.208  0.423  0.635  0.865  1.083  0.885 -0.010
    7.000000 -0.630 -0.629 -0.628 -0.625 -0.617 -0.602 -0.566 -0.489 -0.349 -0.156  0.056  0.277  0.515  0.743  0.929  0.554 -0.402
    7.100000 -0.632 -0.632 -0.631 -0.628 -0.620 -0.602 -0.566 -0.499 -0.384 -0.223 -0.030  0.189  0.411  0.626  0.744  0.198 -0.795
    7.200000 -0.636 -0.635 -0.635 -0.633 -0.627 -0.610 -0.572 -0.501 -0.393 -0.249 -0.080  0.113  0.296  0.500  0.525 -0.176 -1.185
    7.300000 -0.640 -0.640 -0.639 -0.638 -0.634 -0.622 -0.591 -0.525 -0.418 -0.283 -0.138  0.012  0.173  0.362  0.263 -0.556 -1.573
    7.400000 -0.645 -0.645 -0.644 -0.644 -0.641 -0.633 -0.612 -0.562 -0.471 -0.353 -0.227 -0.101  0.055  0.223 -0.037 -0.939 -1.954
    7.500000 -0.651 -0.651 -0.651 -0.650 -0.648 -0.643 -0.629 -0.595 -0.529 -0.434 -0.324 -0.206 -0.053  0.068 -0.372 -1.320 -2.326
    7.600000 -0.658 -0.658 -0.658 -0.658 -0.657 -0.653 -0.644 -0.621 -0.576 -0.501 -0.408 -0.296 -0.153 -0.114 -0.723 -1.696 -2.686
    7.700000 -0.668 -0.668 -0.668 -0.668 -0.667 -0.664 -0.658 -0.642 -0.610 -0.551 -0.476 -0.373 -0.250 -0.337 -1.084 -2.061 -3.029
    7.800000 -0.679 -0.679 -0.679 -0.680 -0.679 -0.677 -0.672 -0.662 -0.637 -0.591 -0.528 -0.444 -0.357 -0.607 -1.447 -2.413 -3.352
    7.900000 -0.694 -0.694 -0.694 -0.694 -0.694 -0.693 -0.689 -0.682 -0.660 -0.627 -0.579 -0.513 -0.487 -0.916 -1.802 -2.746 -3.652
    8.000000 -0.710 -0.710 -0.710 -0.710 -0.710 -0.709 -0.707 -0.701 -0.684 -0.660 -0.625 -0.585 -0.650 -1.236 -2.143 -3.058 -3.930
    8.100000 -0.730 -0.730 -0.730 -0.730 -0.730 -0.730 -0.729 -0.722 -0.711 -0.695 -0.676 -0.667 -0.857 -1.564 -2.465 -3.347 -4.188
    8.300000 -0.783 -0.783 -0.783 -0.783 -0.784 -0.784 -0.783 -0.780 -0.778 -0.780 -0.799 -0.900 -1.380 -2.192 -3.044 -3.864 -4.656
    8.500000 -0.853 -0.854 -0.854 -0.854 -0.854 -0.854 -0.854 -0.855 -0.862 -0.886 -0.967 -1.269 -1.978 -2.763 -3.550 -4.323 -5.087
    8.700001 -0.931 -0.938 -0.939 -0.939 -0.939 -0.939 -0.940 -0.945 -0.963 -1.021 -1.221 -1.729 -2.458 -3.227 -3.989 -4.745 -5.499
