  Z =   3.000000D-02          X =   3.500000D-01


                                        log R

    log T    -7.000 -6.500 -6.000 -5.500 -5.000 -4.500 -4.000 -3.500 -3.000 -2.500 -2.000 -1.500 -1.000 -0.500  0.000  0.500  1.000

    3.000000 -0.146  0.060  0.289  0.434  0.527  0.607  0.687  0.749  0.757  0.759  0.760  0.760  0.760  0.760  0.760  0.760  0.760
    3.050000 -2.292 -2.291 -1.070 -0.804 -0.481  0.106  0.334  0.444  0.550  0.642  0.728  0.767  0.804  0.812  0.813  0.814  0.814
    3.100000 -2.291 -2.291 -2.290 -2.291 -2.291 -2.292 -1.238 -0.953 -0.703 -0.184  0.222  0.306  0.524  0.692  0.788  0.829  0.866
    3.150000 -2.447 -2.341 -2.309 -2.299 -2.295 -2.293 -2.293 -2.293 -2.294 -2.293 -2.295 -0.983 -0.775 -0.587 -0.468  0.156  0.579
    3.200000 -4.311 -3.578 -2.884 -2.423 -2.236 -2.177 -2.158 -2.148 -2.144 -2.143 -2.142 -2.143 -2.143 -2.143 -2.142 -2.142 -0.707
    3.250000 -5.092 -4.969 -4.618 -4.014 -3.278 -2.609 -2.171 -1.983 -1.919 -1.897 -1.887 -1.882 -1.880 -1.878 -1.877 -1.875 -1.875
    3.300000 -5.016 -4.991 -4.961 -4.883 -4.643 -4.148 -3.455 -2.752 -2.190 -1.865 -1.734 -1.686 -1.668 -1.659 -1.655 -1.652 -1.650
    3.350000 -4.750 -4.846 -4.898 -4.901 -4.862 -4.775 -4.552 -4.082 -3.401 -2.708 -2.124 -1.743 -1.564 -1.493 -1.465 -1.451 -1.443
    3.400000 -4.295 -4.386 -4.494 -4.604 -4.693 -4.739 -4.727 -4.632 -4.373 -3.862 -3.172 -2.491 -1.928 -1.555 -1.368 -1.288 -1.253
    3.450000 -4.079 -4.091 -4.127 -4.185 -4.262 -4.349 -4.423 -4.453 -4.420 -4.280 -3.943 -3.403 -2.753 -2.116 -1.600 -1.275 -1.109
    3.500000 -4.074 -4.054 -4.027 -4.002 -3.990 -3.997 -4.011 -4.012 -3.977 -3.890 -3.731 -3.475 -3.110 -2.638 -2.095 -1.562 -1.144
    3.550000 -3.921 -3.988 -4.015 -4.009 -3.976 -3.921 -3.843 -3.738 -3.596 -3.417 -3.205 -2.963 -2.696 -2.407 -2.093 -1.765 -1.444
    3.600000 -3.392 -3.553 -3.697 -3.814 -3.888 -3.905 -3.855 -3.723 -3.498 -3.199 -2.863 -2.523 -2.201 -1.900 -1.611 -1.316 -1.011
    3.650000 -2.666 -2.880 -3.082 -3.267 -3.433 -3.567 -3.644 -3.620 -3.461 -3.160 -2.766 -2.337 -1.918 -1.531 -1.181 -0.862 -0.560
    3.700000 -1.919 -2.148 -2.374 -2.591 -2.794 -2.970 -3.102 -3.151 -3.083 -2.893 -2.596 -2.215 -1.783 -1.342 -0.921 -0.534 -0.177
    3.750000 -1.286 -1.486 -1.698 -1.911 -2.117 -2.301 -2.441 -2.500 -2.452 -2.306 -2.085 -1.817 -1.505 -1.146 -0.745 -0.326  0.080
    3.800000 -0.908 -1.002 -1.138 -1.299 -1.465 -1.617 -1.730 -1.775 -1.733 -1.610 -1.429 -1.213 -0.971 -0.708 -0.413 -0.075  0.304
    3.850000 -0.813 -0.809 -0.817 -0.848 -0.904 -0.965 -1.009 -1.015 -0.970 -0.872 -0.732 -0.560 -0.365 -0.148  0.088  0.354  0.656
    3.900000 -0.808 -0.778 -0.732 -0.660 -0.567 -0.463 -0.373 -0.293 -0.213 -0.125 -0.018  0.110  0.260  0.432  0.627  0.850  1.102
    3.950000 -0.815 -0.787 -0.730 -0.624 -0.458 -0.231  0.019  0.246  0.423  0.555  0.665  0.771  0.886  1.021  1.177  1.355  1.561
    4.000000 -0.769 -0.766 -0.729 -0.632 -0.448 -0.172  0.168  0.522  0.833  1.074  1.247  1.378  1.494  1.611  1.742  1.888  2.055
    4.050000 -0.698 -0.703 -0.683 -0.609 -0.449 -0.182  0.182  0.602  1.016  1.373  1.647  1.847  1.996  2.120  2.240  2.367  2.509
    4.100000 -0.635 -0.630 -0.608 -0.543 -0.403 -0.168  0.166  0.578  1.029  1.468  1.849  2.147  2.363  2.523  2.655  2.781  2.908
    4.150000 -0.614 -0.591 -0.553 -0.479 -0.340 -0.120  0.182  0.556  0.986  1.448  1.898  2.291  2.596  2.819  2.986  3.124  3.253
    4.200000 -0.609 -0.581 -0.534 -0.448 -0.297 -0.072  0.224  0.578  0.978  1.419  1.883  2.332  2.719  3.020  3.239  3.405  3.551
    4.250000 -0.610 -0.579 -0.530 -0.442 -0.291 -0.062  0.245  0.609  1.010  1.433  1.879  2.337  2.775  3.148  3.431  3.643  3.820
    4.300000 -0.605 -0.575 -0.526 -0.441 -0.294 -0.070  0.237  0.618  1.044  1.481  1.922  2.369  2.817  3.231  3.575  3.845  4.061
    4.350000 -0.586 -0.561 -0.515 -0.436 -0.299 -0.083  0.222  0.610  1.054  1.522  1.990  2.445  2.889  3.315  3.699  4.020  4.279
    4.400000 -0.541 -0.522 -0.481 -0.406 -0.279 -0.074  0.226  0.618  1.071  1.558  2.054  2.535  2.994  3.428  3.831  4.180  4.471
    4.450000 -0.492 -0.468 -0.421 -0.344 -0.222 -0.030  0.256  0.639  1.095  1.593  2.107  2.616  3.105  3.561  3.976  4.340  4.645
    4.500000 -0.460 -0.425 -0.362 -0.263 -0.123  0.070  0.341  0.705  1.149  1.646  2.165  2.691  3.203  3.687  4.123  4.499  4.806
    4.550000 -0.453 -0.408 -0.330 -0.205 -0.026  0.201  0.480  0.824  1.240  1.718  2.231  2.758  3.283  3.790  4.247  4.639  4.953
    4.600000 -0.452 -0.408 -0.328 -0.187  0.027  0.310  0.638  0.998  1.392  1.834  2.316  2.825  3.350  3.867  4.339  4.742  5.062
    4.650000 -0.452 -0.411 -0.335 -0.197  0.027  0.341  0.721  1.131  1.546  1.971  2.419  2.898  3.406  3.918  4.393  4.800  5.123
    4.700000 -0.449 -0.412 -0.343 -0.216 -0.003  0.309  0.708  1.159  1.623  2.076  2.519  2.974  3.453  3.945  4.409  4.814  5.136
    4.750000 -0.446 -0.410 -0.347 -0.231 -0.033  0.261  0.646  1.099  1.592  2.089  2.565  3.024  3.485  3.950  4.396  4.793  5.113
    4.800000 -0.446 -0.410 -0.349 -0.241 -0.055  0.222  0.588  1.022  1.508  2.022  2.536  3.026  3.491  3.940  4.369  4.755  5.072
    4.850000 -0.446 -0.409 -0.348 -0.243 -0.068  0.197  0.546  0.961  1.429  1.937  2.466  2.984  3.469  3.919  4.340  4.716  5.026
    4.900000 -0.438 -0.401 -0.342 -0.241 -0.072  0.182  0.521  0.924  1.380  1.878  2.403  2.930  3.433  3.895  4.317  4.687  4.983
    4.950000 -0.416 -0.382 -0.325 -0.229 -0.068  0.178  0.511  0.911  1.360  1.848  2.365  2.891  3.402  3.878  4.304  4.667  4.945
    5.000000 -0.368 -0.338 -0.287 -0.197 -0.044  0.194  0.524  0.923  1.368  1.850  2.358  2.877  3.386  3.870  4.297  4.649  4.904
    5.050000 -0.286 -0.260 -0.214 -0.131  0.011  0.234  0.549  0.940  1.384  1.865  2.367  2.880  3.388  3.868  4.286  4.620  4.848
    5.100000 -0.181 -0.150 -0.103 -0.022  0.110  0.314  0.602  0.974  1.411  1.887  2.385  2.893  3.394  3.861  4.257  4.564  4.765
    5.150000 -0.099 -0.049  0.015  0.107  0.241  0.433  0.696  1.041  1.460  1.922  2.411  2.908  3.393  3.831  4.195  4.474  4.655
    5.200000 -0.074  0.002  0.094  0.211  0.366  0.565  0.817  1.136  1.528  1.971  2.443  2.917  3.368  3.766  4.094  4.348  4.523
    5.250000 -0.110 -0.014  0.104  0.252  0.437  0.658  0.917  1.223  1.592  2.013  2.461  2.905  3.313  3.667  3.961  4.200  4.379
    5.300000 -0.191 -0.087  0.046  0.217  0.430  0.680  0.959  1.271  1.628  2.028  2.451  2.863  3.230  3.544  3.812  4.043  4.229
    5.350000 -0.291 -0.190 -0.058  0.119  0.349  0.627  0.938  1.271  1.629  2.013  2.412  2.794  3.127  3.411  3.662  3.889  4.082
    5.400000 -0.389 -0.299 -0.177 -0.008  0.225  0.523  0.865  1.225  1.593  1.970  2.352  2.709  3.017  3.278  3.517  3.741  3.939
    5.450000 -0.464 -0.392 -0.286 -0.131  0.094  0.398  0.763  1.150  1.536  1.915  2.283  2.620  2.906  3.150  3.381  3.605  3.803
    5.500000 -0.514 -0.463 -0.377 -0.239 -0.028  0.274  0.651  1.064  1.470  1.854  2.213  2.532  2.801  3.032  3.258  3.480  3.676
    5.550000 -0.541 -0.510 -0.448 -0.333 -0.140  0.155  0.542  0.976  1.402  1.794  2.145  2.449  2.703  2.924  3.146  3.366  3.559
    5.600000 -0.552 -0.534 -0.494 -0.409 -0.242  0.039  0.431  0.885  1.332  1.733  2.080  2.373  2.615  2.829  3.045  3.263  3.452
    5.650000 -0.555 -0.544 -0.519 -0.460 -0.328 -0.076  0.308  0.778  1.251  1.669  2.019  2.304  2.538  2.746  2.957  3.171  3.357
    5.700000 -0.557 -0.547 -0.529 -0.487 -0.390 -0.181  0.178  0.655  1.156  1.600  1.959  2.242  2.471  2.676  2.881  3.089  3.270
    5.750000 -0.557 -0.549 -0.533 -0.499 -0.424 -0.256  0.061  0.526  1.049  1.520  1.896  2.183  2.412  2.614  2.815  3.015  3.184
    5.800000 -0.558 -0.549 -0.534 -0.504 -0.441 -0.303 -0.028  0.408  0.935  1.431  1.826  2.123  2.354  2.558  2.756  2.948  3.103
    5.850000 -0.559 -0.551 -0.536 -0.507 -0.449 -0.328 -0.087  0.313  0.826  1.336  1.751  2.060  2.299  2.506  2.702  2.890  3.031
    5.900000 -0.559 -0.551 -0.537 -0.510 -0.455 -0.343 -0.125  0.243  0.733  1.244  1.674  1.998  2.246  2.458  2.654  2.835  2.957
    5.950000 -0.557 -0.550 -0.537 -0.510 -0.458 -0.353 -0.148  0.197  0.665  1.169  1.607  1.942  2.200  2.418  2.610  2.779  2.877
    6.000000 -0.554 -0.546 -0.533 -0.508 -0.459 -0.357 -0.160  0.171  0.622  1.113  1.552  1.895  2.161  2.382  2.567  2.723  2.797
    6.100000 -0.549 -0.538 -0.521 -0.496 -0.450 -0.357 -0.174  0.131  0.548  1.015  1.454  1.815  2.097  2.313  2.476  2.608  2.618
    6.200000 -0.559 -0.545 -0.521 -0.485 -0.430 -0.338 -0.172  0.101  0.486  0.936  1.375  1.740  2.018  2.209  2.343  2.450  2.381
    6.300000 -0.568 -0.562 -0.547 -0.512 -0.444 -0.329 -0.153  0.108  0.467  0.891  1.306  1.647  1.890  2.050  2.171  2.276  2.096
    6.400000 -0.570 -0.568 -0.562 -0.544 -0.496 -0.384 -0.181  0.111  0.470  0.857  1.215  1.499  1.703  1.847  1.979  2.086  1.773
    6.500000 -0.571 -0.570 -0.567 -0.557 -0.530 -0.452 -0.272  0.030  0.405  0.770  1.071  1.302  1.480  1.630  1.785  1.883  1.421
    6.600000 -0.573 -0.572 -0.570 -0.563 -0.545 -0.492 -0.359 -0.104  0.246  0.596  0.874  1.081  1.252  1.415  1.596  1.661  1.053
    6.700000 -0.574 -0.574 -0.572 -0.568 -0.555 -0.517 -0.421 -0.224  0.068  0.384  0.650  0.855  1.031  1.214  1.414  1.411  0.672
    6.800000 -0.576 -0.575 -0.574 -0.571 -0.562 -0.536 -0.468 -0.321 -0.088  0.181  0.428  0.635  0.827  1.033  1.249  1.133  0.283
    6.900000 -0.577 -0.577 -0.576 -0.574 -0.567 -0.548 -0.500 -0.393 -0.214  0.013  0.239  0.450  0.659  0.887  1.090  0.819 -0.108
    7.000000 -0.579 -0.579 -0.577 -0.574 -0.567 -0.551 -0.516 -0.440 -0.304 -0.117  0.090  0.308  0.540  0.764  0.927  0.475 -0.501
    7.100000 -0.582 -0.581 -0.580 -0.577 -0.569 -0.551 -0.516 -0.451 -0.340 -0.184  0.006  0.219  0.435  0.646  0.728  0.110 -0.894
    7.200000 -0.585 -0.585 -0.584 -0.582 -0.576 -0.559 -0.522 -0.453 -0.350 -0.211 -0.045  0.142  0.322  0.519  0.491 -0.268 -1.284
    7.300000 -0.589 -0.589 -0.589 -0.587 -0.583 -0.571 -0.541 -0.477 -0.374 -0.244 -0.104  0.042  0.201  0.378  0.212 -0.650 -1.671
    7.400000 -0.594 -0.594 -0.594 -0.593 -0.590 -0.583 -0.561 -0.513 -0.426 -0.311 -0.190 -0.069  0.083  0.232 -0.104 -1.034 -2.050
    7.500000 -0.600 -0.600 -0.600 -0.600 -0.598 -0.593 -0.578 -0.546 -0.481 -0.389 -0.285 -0.172 -0.025  0.068 -0.450 -1.415 -2.421
    7.600000 -0.608 -0.608 -0.608 -0.608 -0.606 -0.603 -0.593 -0.571 -0.527 -0.455 -0.366 -0.259 -0.124 -0.132 -0.808 -1.790 -2.777
    7.700000 -0.617 -0.617 -0.617 -0.617 -0.616 -0.614 -0.607 -0.592 -0.560 -0.504 -0.433 -0.335 -0.226 -0.377 -1.173 -2.153 -3.117
    7.800000 -0.629 -0.629 -0.629 -0.629 -0.628 -0.627 -0.622 -0.611 -0.587 -0.544 -0.485 -0.408 -0.342 -0.665 -1.536 -2.501 -3.435
    7.900000 -0.644 -0.644 -0.644 -0.644 -0.643 -0.642 -0.639 -0.631 -0.611 -0.580 -0.536 -0.479 -0.485 -0.986 -1.890 -2.831 -3.731
    8.000000 -0.659 -0.659 -0.660 -0.660 -0.660 -0.659 -0.656 -0.650 -0.635 -0.613 -0.584 -0.554 -0.666 -1.314 -2.228 -3.138 -4.005
    8.100000 -0.679 -0.679 -0.679 -0.679 -0.679 -0.679 -0.678 -0.672 -0.662 -0.649 -0.636 -0.644 -0.894 -1.644 -2.546 -3.423 -4.259
    8.300000 -0.732 -0.733 -0.733 -0.733 -0.733 -0.733 -0.732 -0.730 -0.730 -0.736 -0.765 -0.904 -1.444 -2.269 -3.117 -3.932 -4.722
    8.500000 -0.803 -0.803 -0.803 -0.803 -0.803 -0.803 -0.804 -0.806 -0.815 -0.846 -0.949 -1.311 -2.045 -2.833 -3.617 -4.387 -5.151
    8.700001 -0.883 -0.888 -0.888 -0.889 -0.888 -0.888 -0.890 -0.896 -0.918 -0.990 -1.229 -1.783 -2.525 -3.293 -4.053 -4.807 -5.562
