  Z =   3.000000D-02          X =   5.000000D-01


                                        log R

    log T    -7.000 -6.500 -6.000 -5.500 -5.000 -4.500 -4.000 -3.500 -3.000 -2.500 -2.000 -1.500 -1.000 -0.500  0.000  0.500  1.000

    3.000000 -0.102  0.088  0.304  0.445  0.534  0.615  0.694  0.755  0.758  0.759  0.760  0.760  0.760  0.760  0.760  0.760  0.760
    3.050000 -2.288 -2.288 -1.041 -0.783 -0.374  0.134  0.350  0.456  0.557  0.651  0.735  0.773  0.805  0.812  0.813  0.814  0.814
    3.100000 -2.284 -2.284 -2.284 -2.284 -2.285 -2.286 -1.199 -0.926 -0.684 -0.123  0.245  0.327  0.545  0.703  0.796  0.834  0.869
    3.150000 -2.390 -2.317 -2.296 -2.288 -2.286 -2.285 -2.285 -2.285 -2.286 -2.285 -2.287 -0.962 -0.757 -0.571 -0.458  0.193  0.600
    3.200000 -4.084 -3.341 -2.700 -2.330 -2.199 -2.158 -2.144 -2.138 -2.135 -2.134 -2.133 -2.134 -2.135 -2.134 -2.133 -2.132 -0.694
    3.250000 -5.038 -4.860 -4.441 -3.785 -3.050 -2.435 -2.082 -1.946 -1.901 -1.884 -1.878 -1.874 -1.872 -1.871 -1.870 -1.869 -1.866
    3.300000 -4.991 -4.967 -4.927 -4.812 -4.502 -3.940 -3.230 -2.554 -2.056 -1.802 -1.707 -1.673 -1.660 -1.652 -1.648 -1.646 -1.644
    3.350000 -4.719 -4.813 -4.868 -4.874 -4.832 -4.719 -4.431 -3.888 -3.186 -2.512 -1.979 -1.666 -1.530 -1.478 -1.457 -1.445 -1.437
    3.400000 -4.272 -4.360 -4.465 -4.573 -4.661 -4.709 -4.694 -4.574 -4.251 -3.676 -2.970 -2.308 -1.791 -1.480 -1.333 -1.270 -1.242
    3.450000 -4.057 -4.069 -4.105 -4.160 -4.233 -4.317 -4.386 -4.411 -4.368 -4.196 -3.810 -3.230 -2.570 -1.952 -1.483 -1.209 -1.074
    3.500000 -4.047 -4.028 -4.001 -3.977 -3.965 -3.968 -3.974 -3.963 -3.915 -3.814 -3.636 -3.360 -2.974 -2.482 -1.933 -1.420 -1.048
    3.550000 -3.885 -3.954 -3.983 -3.977 -3.945 -3.888 -3.804 -3.686 -3.528 -3.332 -3.104 -2.852 -2.579 -2.287 -1.974 -1.650 -1.336
    3.600000 -3.331 -3.497 -3.646 -3.766 -3.843 -3.862 -3.806 -3.662 -3.421 -3.106 -2.757 -2.410 -2.081 -1.778 -1.482 -1.188 -0.887
    3.650000 -2.589 -2.804 -3.009 -3.197 -3.364 -3.498 -3.568 -3.533 -3.358 -3.047 -2.649 -2.216 -1.795 -1.406 -1.052 -0.730 -0.426
    3.700000 -1.838 -2.068 -2.294 -2.512 -2.713 -2.884 -3.003 -3.030 -2.940 -2.739 -2.444 -2.071 -1.647 -1.209 -0.789 -0.400 -0.043
    3.750000 -1.194 -1.399 -1.614 -1.827 -2.030 -2.206 -2.330 -2.363 -2.289 -2.125 -1.900 -1.635 -1.332 -0.986 -0.596 -0.184  0.220
    3.800000 -0.782 -0.889 -1.035 -1.200 -1.366 -1.510 -1.608 -1.631 -1.567 -1.427 -1.237 -1.020 -0.780 -0.520 -0.232  0.096  0.462
    3.850000 -0.662 -0.660 -0.674 -0.714 -0.774 -0.833 -0.869 -0.863 -0.804 -0.694 -0.547 -0.370 -0.173  0.043  0.279  0.543  0.840
    3.900000 -0.652 -0.620 -0.566 -0.486 -0.384 -0.286 -0.201 -0.124 -0.044  0.048  0.158  0.291  0.443  0.618  0.815  1.040  1.293
    3.950000 -0.661 -0.626 -0.556 -0.434 -0.247 -0.008  0.240  0.452  0.612  0.734  0.839  0.944  1.062  1.199  1.356  1.537  1.743
    4.000000 -0.638 -0.621 -0.564 -0.440 -0.225  0.075  0.425  0.769  1.058  1.274  1.430  1.551  1.662  1.779  1.909  2.056  2.223
    4.050000 -0.596 -0.587 -0.546 -0.441 -0.243  0.061  0.449  0.873  1.271  1.602  1.850  2.029  2.165  2.282  2.399  2.525  2.665
    4.100000 -0.551 -0.540 -0.503 -0.412 -0.236  0.041  0.411  0.846  1.301  1.725  2.080  2.349  2.542  2.688  2.813  2.934  3.059
    4.150000 -0.531 -0.508 -0.465 -0.377 -0.214  0.039  0.378  0.788  1.246  1.716  2.153  2.518  2.794  2.996  3.150  3.281  3.405
    4.200000 -0.524 -0.496 -0.447 -0.353 -0.192  0.050  0.371  0.758  1.195  1.666  2.142  2.579  2.942  3.215  3.416  3.572  3.711
    4.250000 -0.525 -0.493 -0.442 -0.349 -0.190  0.049  0.367  0.749  1.178  1.636  2.113  2.586  3.016  3.364  3.627  3.825  3.992
    4.300000 -0.519 -0.489 -0.438 -0.347 -0.194  0.038  0.354  0.745  1.184  1.644  2.117  2.595  3.057  3.463  3.791  4.046  4.247
    4.350000 -0.503 -0.475 -0.427 -0.343 -0.199  0.024  0.339  0.736  1.189  1.668  2.154  2.636  3.109  3.549  3.929  4.237  4.475
    4.400000 -0.471 -0.443 -0.395 -0.315 -0.181  0.034  0.345  0.746  1.207  1.701  2.205  2.703  3.188  3.646  4.058  4.404  4.675
    4.450000 -0.438 -0.405 -0.349 -0.262 -0.129  0.075  0.374  0.769  1.233  1.738  2.257  2.777  3.282  3.759  4.189  4.558  4.852
    4.500000 -0.417 -0.376 -0.307 -0.199 -0.048  0.161  0.450  0.832  1.289  1.794  2.319  2.852  3.375  3.872  4.319  4.702  5.009
    4.550000 -0.411 -0.366 -0.286 -0.156  0.028  0.268  0.567  0.936  1.374  1.866  2.387  2.922  3.457  3.969  4.431  4.825  5.140
    4.600000 -0.410 -0.366 -0.284 -0.143  0.072  0.358  0.699  1.082  1.505  1.971  2.469  2.990  3.524  4.042  4.512  4.911  5.225
    4.650000 -0.410 -0.369 -0.291 -0.152  0.071  0.385  0.768  1.190  1.629  2.083  2.556  3.054  3.573  4.084  4.551  4.947  5.257
    4.700000 -0.407 -0.369 -0.300 -0.171  0.044  0.356  0.756  1.210  1.684  2.157  2.627  3.106  3.600  4.092  4.545  4.935  5.239
    4.750000 -0.404 -0.368 -0.304 -0.186  0.015  0.312  0.699  1.154  1.648  2.150  2.643  3.124  3.601  4.070  4.506  4.886  5.186
    4.800000 -0.404 -0.368 -0.307 -0.196 -0.007  0.274  0.643  1.080  1.567  2.080  2.598  3.098  3.576  4.030  4.452  4.823  5.119
    4.850000 -0.405 -0.367 -0.306 -0.200 -0.020  0.248  0.601  1.019  1.489  1.998  2.525  3.043  3.533  3.987  4.402  4.764  5.052
    4.900000 -0.397 -0.360 -0.300 -0.198 -0.026  0.233  0.574  0.981  1.440  1.939  2.463  2.986  3.486  3.949  4.364  4.719  4.993
    4.950000 -0.376 -0.342 -0.285 -0.187 -0.023  0.227  0.563  0.966  1.418  1.908  2.425  2.947  3.452  3.923  4.339  4.685  4.940
    5.000000 -0.329 -0.300 -0.249 -0.157 -0.001  0.242  0.574  0.976  1.423  1.907  2.414  2.930  3.435  3.909  4.321  4.652  4.883
    5.050000 -0.250 -0.224 -0.179 -0.095  0.049  0.278  0.596  0.990  1.435  1.917  2.419  2.929  3.430  3.899  4.297  4.606  4.811
    5.100000 -0.148 -0.118 -0.071  0.010  0.143  0.350  0.643  1.020  1.459  1.935  2.431  2.935  3.427  3.877  4.251  4.533  4.715
    5.150000 -0.067 -0.017  0.045  0.135  0.269  0.462  0.729  1.079  1.501  1.964  2.450  2.941  3.412  3.829  4.170  4.426  4.595
    5.200000 -0.040  0.034  0.123  0.239  0.391  0.588  0.842  1.165  1.560  2.004  2.472  2.939  3.373  3.749  4.054  4.291  4.457
    5.250000 -0.073  0.021  0.136  0.280  0.461  0.679  0.935  1.243  1.613  2.035  2.481  2.915  3.307  3.640  3.915  4.140  4.311
    5.300000 -0.151 -0.048  0.082  0.248  0.456  0.700  0.974  1.284  1.640  2.041  2.461  2.864  3.217  3.513  3.766  3.984  4.164
    5.350000 -0.248 -0.148 -0.019  0.153  0.377  0.647  0.951  1.280  1.635  2.019  2.416  2.792  3.113  3.381  3.618  3.833  4.020
    5.400000 -0.344 -0.255 -0.135  0.030  0.256  0.545  0.879  1.233  1.597  1.973  2.353  2.706  3.003  3.250  3.477  3.691  3.881
    5.450000 -0.418 -0.347 -0.242 -0.091  0.127  0.422  0.776  1.157  1.539  1.916  2.284  2.616  2.894  3.126  3.346  3.558  3.749
    5.500000 -0.468 -0.417 -0.331 -0.196  0.009  0.300  0.666  1.071  1.473  1.856  2.214  2.530  2.791  3.012  3.226  3.437  3.627
    5.550000 -0.495 -0.464 -0.402 -0.290 -0.102  0.184  0.560  0.986  1.407  1.797  2.147  2.448  2.695  2.908  3.118  3.328  3.515
    5.600000 -0.507 -0.489 -0.449 -0.365 -0.202  0.072  0.455  0.900  1.340  1.738  2.084  2.373  2.609  2.815  3.021  3.228  3.413
    5.650000 -0.511 -0.499 -0.475 -0.417 -0.287 -0.040  0.338  0.800  1.265  1.679  2.025  2.306  2.534  2.735  2.937  3.141  3.325
    5.700000 -0.512 -0.503 -0.485 -0.445 -0.349 -0.142  0.214  0.685  1.178  1.615  1.969  2.246  2.469  2.667  2.863  3.063  3.243
    5.750000 -0.512 -0.504 -0.489 -0.457 -0.383 -0.217  0.101  0.562  1.077  1.541  1.909  2.189  2.411  2.607  2.799  2.992  3.163
    5.800000 -0.513 -0.504 -0.490 -0.462 -0.400 -0.264  0.012  0.448  0.969  1.456  1.842  2.131  2.356  2.553  2.742  2.929  3.088
    5.850000 -0.514 -0.506 -0.492 -0.464 -0.408 -0.289 -0.047  0.354  0.863  1.364  1.770  2.071  2.303  2.503  2.691  2.875  3.020
    5.900000 -0.514 -0.506 -0.493 -0.466 -0.414 -0.304 -0.085  0.283  0.771  1.275  1.696  2.010  2.252  2.458  2.645  2.823  2.949
    5.950000 -0.512 -0.505 -0.492 -0.467 -0.417 -0.313 -0.108  0.237  0.704  1.202  1.630  1.957  2.208  2.418  2.602  2.769  2.869
    6.000000 -0.509 -0.501 -0.488 -0.465 -0.417 -0.317 -0.120  0.211  0.661  1.147  1.576  1.911  2.171  2.384  2.562  2.717  2.787
    6.100000 -0.505 -0.493 -0.476 -0.452 -0.407 -0.316 -0.133  0.171  0.586  1.049  1.481  1.834  2.108  2.316  2.476  2.609  2.596
    6.200000 -0.514 -0.500 -0.476 -0.440 -0.387 -0.296 -0.132  0.141  0.525  0.971  1.403  1.761  2.029  2.212  2.345  2.454  2.345
    6.300000 -0.523 -0.517 -0.502 -0.466 -0.398 -0.286 -0.112  0.148  0.505  0.926  1.334  1.666  1.900  2.054  2.176  2.279  2.046
    6.400000 -0.525 -0.523 -0.517 -0.499 -0.450 -0.337 -0.136  0.152  0.506  0.888  1.240  1.516  1.713  1.854  1.986  2.085  1.712
    6.500000 -0.526 -0.525 -0.522 -0.513 -0.486 -0.406 -0.224  0.075  0.443  0.799  1.092  1.318  1.491  1.640  1.795  1.874  1.353
    6.600000 -0.528 -0.527 -0.525 -0.518 -0.501 -0.447 -0.312 -0.057  0.286  0.625  0.894  1.096  1.264  1.428  1.607  1.642  0.979
    6.700000 -0.529 -0.529 -0.527 -0.523 -0.510 -0.473 -0.376 -0.178  0.109  0.415  0.672  0.872  1.046  1.229  1.426  1.380  0.595
    6.800000 -0.530 -0.530 -0.529 -0.527 -0.518 -0.492 -0.423 -0.275 -0.047  0.213  0.452  0.655  0.845  1.051  1.259  1.087  0.205
    6.900000 -0.532 -0.531 -0.530 -0.528 -0.522 -0.504 -0.456 -0.349 -0.173  0.047  0.267  0.472  0.679  0.905  1.095  0.761 -0.188
    7.000000 -0.534 -0.533 -0.532 -0.529 -0.522 -0.507 -0.472 -0.396 -0.262 -0.082  0.120  0.336  0.560  0.784  0.923  0.408 -0.582
    7.100000 -0.536 -0.536 -0.535 -0.532 -0.524 -0.507 -0.472 -0.408 -0.300 -0.149  0.038  0.245  0.456  0.664  0.712  0.037 -0.974
    7.200000 -0.540 -0.539 -0.539 -0.537 -0.531 -0.514 -0.478 -0.410 -0.311 -0.176 -0.013  0.166  0.344  0.536  0.458 -0.344 -1.364
    7.300000 -0.544 -0.544 -0.543 -0.542 -0.538 -0.526 -0.496 -0.433 -0.335 -0.209 -0.074  0.067  0.224  0.391  0.165 -0.727 -1.749
    7.400000 -0.549 -0.549 -0.548 -0.548 -0.545 -0.538 -0.517 -0.468 -0.384 -0.274 -0.160 -0.042  0.109  0.238 -0.163 -1.112 -2.128
    7.500000 -0.555 -0.555 -0.555 -0.554 -0.553 -0.548 -0.534 -0.501 -0.438 -0.349 -0.251 -0.142  0.001  0.063 -0.516 -1.492 -2.496
    7.600000 -0.562 -0.562 -0.562 -0.562 -0.561 -0.558 -0.548 -0.527 -0.482 -0.414 -0.330 -0.227 -0.101 -0.153 -0.879 -1.865 -2.850
    7.700000 -0.572 -0.572 -0.572 -0.572 -0.571 -0.569 -0.563 -0.547 -0.515 -0.463 -0.396 -0.303 -0.208 -0.414 -1.246 -2.226 -3.186
    7.800000 -0.583 -0.583 -0.584 -0.584 -0.583 -0.582 -0.578 -0.566 -0.542 -0.503 -0.449 -0.376 -0.331 -0.717 -1.609 -2.572 -3.501
    7.900000 -0.598 -0.598 -0.598 -0.599 -0.598 -0.597 -0.594 -0.585 -0.567 -0.539 -0.499 -0.449 -0.488 -1.045 -1.961 -2.898 -3.793
    8.000000 -0.614 -0.614 -0.614 -0.614 -0.614 -0.614 -0.611 -0.604 -0.591 -0.573 -0.549 -0.529 -0.685 -1.378 -2.296 -3.202 -4.063
    8.100000 -0.634 -0.634 -0.634 -0.634 -0.634 -0.634 -0.632 -0.627 -0.619 -0.610 -0.603 -0.626 -0.929 -1.710 -2.611 -3.483 -4.314
    8.300000 -0.687 -0.687 -0.687 -0.688 -0.688 -0.687 -0.687 -0.685 -0.687 -0.699 -0.736 -0.911 -1.497 -2.331 -3.175 -3.986 -4.773
    8.500000 -0.758 -0.758 -0.758 -0.758 -0.758 -0.758 -0.759 -0.762 -0.774 -0.812 -0.929 -1.349 -2.100 -2.889 -3.669 -4.437 -5.200
    8.700001 -0.838 -0.843 -0.843 -0.843 -0.843 -0.843 -0.845 -0.853 -0.879 -0.965 -1.240 -1.829 -2.578 -3.345 -4.103 -4.856 -5.610
