  Z =   3.000000D-02          X =   7.000000D-01


                                        log R

    log T    -7.000 -6.500 -6.000 -5.500 -5.000 -4.500 -4.000 -3.500 -3.000 -2.500 -2.000 -1.500 -1.000 -0.500  0.000  0.500  1.000

    3.000000 -0.056  0.118  0.323  0.458  0.541  0.625  0.701  0.742  0.758  0.759  0.760  0.760  0.760  0.760  0.760  0.760  0.760
    3.050000 -2.284 -2.284 -1.010 -0.758 -0.276  0.163  0.368  0.470  0.566  0.660  0.743  0.781  0.808  0.813  0.814  0.814  0.814
    3.100000 -2.278 -2.278 -2.278 -2.279 -2.280 -2.280 -1.156 -0.896 -0.661 -0.062  0.271  0.353  0.566  0.716  0.804  0.838  0.870
    3.150000 -2.349 -2.300 -2.285 -2.280 -2.279 -2.278 -2.278 -2.279 -2.279 -2.280 -2.280 -0.937 -0.736 -0.553 -0.448  0.236  0.621
    3.200000 -3.860 -3.127 -2.548 -2.265 -2.173 -2.145 -2.134 -2.131 -2.128 -2.127 -2.127 -2.128 -2.128 -2.127 -2.127 -2.124 -0.681
    3.250000 -4.973 -4.737 -4.255 -3.564 -2.846 -2.296 -2.018 -1.921 -1.888 -1.876 -1.871 -1.868 -1.866 -1.865 -1.864 -1.863 -1.860
    3.300000 -4.963 -4.938 -4.884 -4.725 -4.351 -3.734 -3.021 -2.380 -1.954 -1.759 -1.689 -1.663 -1.654 -1.647 -1.644 -1.642 -1.639
    3.350000 -4.685 -4.778 -4.834 -4.842 -4.794 -4.648 -4.296 -3.695 -2.986 -2.340 -1.863 -1.610 -1.507 -1.467 -1.450 -1.440 -1.433
    3.400000 -4.247 -4.332 -4.433 -4.538 -4.626 -4.674 -4.653 -4.501 -4.119 -3.493 -2.783 -2.148 -1.682 -1.424 -1.308 -1.257 -1.233
    3.450000 -4.033 -4.045 -4.079 -4.133 -4.203 -4.281 -4.345 -4.365 -4.309 -4.100 -3.668 -3.060 -2.398 -1.805 -1.389 -1.159 -1.046
    3.500000 -4.017 -3.999 -3.974 -3.949 -3.936 -3.936 -3.934 -3.911 -3.850 -3.734 -3.538 -3.243 -2.835 -2.327 -1.781 -1.298 -0.970
    3.550000 -3.846 -3.916 -3.947 -3.943 -3.911 -3.852 -3.762 -3.631 -3.458 -3.246 -3.003 -2.741 -2.463 -2.170 -1.858 -1.539 -1.235
    3.600000 -3.267 -3.439 -3.590 -3.714 -3.794 -3.814 -3.754 -3.597 -3.340 -3.011 -2.652 -2.298 -1.964 -1.656 -1.359 -1.063 -0.769
    3.650000 -2.515 -2.731 -2.937 -3.126 -3.293 -3.423 -3.485 -3.438 -3.252 -2.934 -2.529 -2.094 -1.675 -1.284 -0.927 -0.602 -0.298
    3.700000 -1.762 -1.993 -2.219 -2.435 -2.633 -2.796 -2.899 -2.902 -2.792 -2.582 -2.290 -1.927 -1.512 -1.079 -0.660 -0.271  0.088
    3.750000 -1.109 -1.318 -1.534 -1.746 -1.946 -2.112 -2.217 -2.224 -2.125 -1.948 -1.719 -1.456 -1.161 -0.827 -0.450 -0.045  0.356
    3.800000 -0.665 -0.786 -0.939 -1.107 -1.270 -1.405 -1.486 -1.487 -1.402 -1.249 -1.051 -0.834 -0.595 -0.338 -0.055  0.264  0.619
    3.850000 -0.519 -0.521 -0.541 -0.588 -0.651 -0.707 -0.733 -0.715 -0.643 -0.523 -0.369 -0.189  0.010  0.227  0.465  0.726  1.019
    3.900000 -0.503 -0.467 -0.406 -0.319 -0.214 -0.120 -0.038  0.037  0.119  0.213  0.328  0.463  0.619  0.795  0.995  1.222  1.476
    3.950000 -0.512 -0.470 -0.388 -0.248 -0.045  0.204  0.446  0.642  0.789  0.902  1.004  1.110  1.230  1.369  1.527  1.710  1.917
    4.000000 -0.504 -0.474 -0.399 -0.250 -0.010  0.309  0.664  0.996  1.264  1.459  1.600  1.715  1.823  1.938  2.068  2.216  2.384
    4.050000 -0.485 -0.463 -0.401 -0.268 -0.035  0.298  0.703  1.125  1.507  1.814  2.038  2.199  2.324  2.436  2.551  2.676  2.817
    4.100000 -0.458 -0.438 -0.386 -0.268 -0.058  0.255  0.654  1.103  1.555  1.963  2.293  2.536  2.710  2.845  2.964  3.082  3.206
    4.150000 -0.440 -0.416 -0.366 -0.260 -0.072  0.213  0.586  1.025  1.499  1.969  2.390  2.729  2.980  3.163  3.306  3.432  3.555
    4.200000 -0.432 -0.403 -0.350 -0.249 -0.075  0.188  0.536  0.955  1.423  1.913  2.389  2.811  3.150  3.400  3.584  3.733  3.868
    4.250000 -0.431 -0.399 -0.344 -0.245 -0.079  0.170  0.503  0.909  1.367  1.855  2.352  2.828  3.245  3.570  3.813  4.000  4.159
    4.300000 -0.426 -0.395 -0.341 -0.244 -0.083  0.157  0.483  0.888  1.345  1.829  2.329  2.828  3.294  3.688  3.998  4.237  4.425
    4.350000 -0.412 -0.381 -0.329 -0.240 -0.089  0.144  0.469  0.877  1.340  1.833  2.339  2.847  3.339  3.782  4.151  4.443  4.662
    4.400000 -0.391 -0.355 -0.300 -0.214 -0.072  0.152  0.477  0.888  1.358  1.860  2.375  2.893  3.400  3.874  4.285  4.619  4.871
    4.450000 -0.373 -0.332 -0.265 -0.169 -0.026  0.191  0.505  0.913  1.387  1.898  2.425  2.956  3.479  3.973  4.409  4.773  5.053
    4.500000 -0.363 -0.318 -0.240 -0.124  0.039  0.264  0.573  0.973  1.443  1.955  2.488  3.029  3.564  4.072  4.525  4.906  5.205
    4.550000 -0.360 -0.314 -0.231 -0.098  0.092  0.345  0.668  1.062  1.522  2.026  2.556  3.099  3.642  4.158  4.621  5.010  5.313
    4.600000 -0.359 -0.314 -0.232 -0.092  0.121  0.411  0.769  1.178  1.631  2.118  2.631  3.163  3.702  4.218  4.680  5.066  5.364
    4.650000 -0.359 -0.317 -0.239 -0.100  0.121  0.432  0.818  1.255  1.721  2.202  2.697  3.211  3.734  4.237  4.688  5.064  5.351
    4.700000 -0.357 -0.319 -0.248 -0.116  0.099  0.410  0.807  1.264  1.750  2.242  2.735  3.232  3.732  4.213  4.645  5.010  5.288
    4.750000 -0.353 -0.317 -0.253 -0.132  0.071  0.371  0.759  1.214  1.708  2.215  2.720  3.215  3.698  4.156  4.572  4.926  5.199
    4.800000 -0.354 -0.318 -0.256 -0.143  0.049  0.335  0.708  1.148  1.633  2.144  2.661  3.164  3.643  4.089  4.492  4.836  5.105
    4.850000 -0.355 -0.318 -0.256 -0.148  0.035  0.308  0.665  1.088  1.560  2.067  2.589  3.101  3.585  4.028  4.424  4.759  5.018
    4.900000 -0.347 -0.311 -0.251 -0.147  0.029  0.292  0.637  1.048  1.510  2.010  2.529  3.044  3.534  3.981  4.374  4.699  4.942
    4.950000 -0.328 -0.295 -0.238 -0.138  0.030  0.285  0.625  1.030  1.484  1.976  2.490  3.005  3.498  3.949  4.337  4.648  4.870
    5.000000 -0.284 -0.256 -0.205 -0.112  0.049  0.297  0.633  1.035  1.484  1.968  2.475  2.984  3.475  3.925  4.303  4.595  4.793
    5.050000 -0.207 -0.183 -0.138 -0.054  0.094  0.327  0.649  1.045  1.491  1.972  2.471  2.974  3.458  3.897  4.256  4.525  4.701
    5.100000 -0.108 -0.079 -0.033  0.047  0.181  0.391  0.689  1.068  1.506  1.981  2.473  2.967  3.436  3.851  4.183  4.427  4.588
    5.150000 -0.027  0.021  0.081  0.169  0.301  0.494  0.764  1.117  1.538  1.998  2.479  2.957  3.400  3.779  4.079  4.303  4.459
    5.200000  0.001  0.073  0.159  0.271  0.419  0.613  0.866  1.190  1.584  2.025  2.487  2.938  3.343  3.681  3.950  4.161  4.320
    5.250000 -0.029  0.062  0.174  0.314  0.489  0.700  0.950  1.255  1.623  2.042  2.481  2.902  3.267  3.565  3.808  4.012  4.178
    5.300000 -0.103 -0.003  0.124  0.285  0.485  0.719  0.984  1.287  1.640  2.036  2.452  2.844  3.174  3.440  3.665  3.865  4.038
    5.350000 -0.197 -0.099  0.027  0.194  0.408  0.667  0.959  1.278  1.627  2.007  2.401  2.768  3.072  3.314  3.526  3.724  3.904
    5.400000 -0.291 -0.203 -0.085  0.074  0.290  0.566  0.885  1.228  1.585  1.958  2.336  2.683  2.965  3.191  3.395  3.592  3.774
    5.450000 -0.364 -0.293 -0.190 -0.043  0.165  0.444  0.782  1.150  1.525  1.900  2.267  2.596  2.861  3.076  3.274  3.470  3.652
    5.500000 -0.414 -0.363 -0.278 -0.146  0.049  0.323  0.672  1.064  1.459  1.841  2.199  2.512  2.763  2.969  3.163  3.357  3.540
    5.550000 -0.441 -0.410 -0.348 -0.239 -0.059  0.211  0.569  0.981  1.396  1.784  2.135  2.434  2.673  2.871  3.062  3.255  3.438
    5.600000 -0.453 -0.435 -0.396 -0.314 -0.157  0.105  0.472  0.903  1.335  1.731  2.077  2.364  2.591  2.784  2.971  3.163  3.346
    5.650000 -0.457 -0.445 -0.422 -0.366 -0.241 -0.002  0.365  0.814  1.270  1.679  2.024  2.301  2.520  2.708  2.893  3.084  3.269
    5.700000 -0.458 -0.449 -0.432 -0.394 -0.302 -0.100  0.249  0.710  1.193  1.623  1.972  2.245  2.459  2.644  2.826  3.014  3.200
    5.750000 -0.459 -0.450 -0.436 -0.406 -0.336 -0.172  0.142  0.598  1.103  1.557  1.917  2.191  2.404  2.588  2.766  2.951  3.130
    5.800000 -0.459 -0.451 -0.437 -0.410 -0.353 -0.219  0.056  0.490  1.003  1.479  1.855  2.136  2.352  2.538  2.714  2.895  3.064
    5.850000 -0.460 -0.452 -0.438 -0.413 -0.360 -0.244 -0.004  0.397  0.902  1.393  1.787  2.079  2.302  2.491  2.668  2.848  3.003
    5.900000 -0.460 -0.453 -0.440 -0.415 -0.364 -0.258 -0.041  0.327  0.812  1.307  1.717  2.022  2.254  2.449  2.627  2.804  2.936
    5.950000 -0.458 -0.451 -0.439 -0.415 -0.367 -0.266 -0.064  0.281  0.746  1.236  1.654  1.970  2.212  2.412  2.588  2.756  2.857
    6.000000 -0.455 -0.448 -0.436 -0.413 -0.367 -0.270 -0.074  0.256  0.703  1.182  1.602  1.926  2.177  2.380  2.551  2.708  2.772
    6.100000 -0.450 -0.439 -0.423 -0.400 -0.357 -0.267 -0.087  0.216  0.629  1.086  1.509  1.853  2.117  2.316  2.473  2.609  2.567
    6.200000 -0.460 -0.445 -0.422 -0.387 -0.335 -0.246 -0.084  0.187  0.568  1.010  1.434  1.782  2.039  2.214  2.347  2.457  2.299
    6.300000 -0.469 -0.463 -0.447 -0.412 -0.344 -0.234 -0.063  0.193  0.549  0.965  1.365  1.686  1.911  2.059  2.182  2.279  1.987
    6.400000 -0.471 -0.469 -0.463 -0.446 -0.396 -0.282 -0.083  0.199  0.548  0.924  1.267  1.535  1.724  1.862  1.994  2.079  1.642
    6.500000 -0.472 -0.471 -0.468 -0.460 -0.433 -0.351 -0.169  0.128  0.486  0.832  1.116  1.335  1.504  1.651  1.806  1.859  1.275
    6.600000 -0.474 -0.473 -0.471 -0.465 -0.448 -0.394 -0.257 -0.002  0.333  0.659  0.917  1.114  1.279  1.443  1.619  1.615  0.897
    6.700000 -0.475 -0.475 -0.474 -0.470 -0.457 -0.420 -0.322 -0.125  0.157  0.452  0.697  0.891  1.063  1.246  1.437  1.338  0.509
    6.800000 -0.477 -0.476 -0.475 -0.473 -0.465 -0.440 -0.370 -0.223 -0.000  0.252  0.481  0.678  0.865  1.071  1.269  1.032  0.118
    6.900000 -0.478 -0.478 -0.477 -0.475 -0.469 -0.451 -0.402 -0.297 -0.124  0.087  0.299  0.499  0.702  0.926  1.098  0.693 -0.276
    7.000000 -0.480 -0.480 -0.478 -0.475 -0.468 -0.454 -0.420 -0.344 -0.214 -0.040  0.156  0.367  0.582  0.805  0.913  0.332 -0.670
    7.100000 -0.483 -0.482 -0.481 -0.478 -0.471 -0.454 -0.420 -0.357 -0.253 -0.107  0.076  0.276  0.480  0.684  0.688 -0.044 -1.062
    7.200000 -0.486 -0.486 -0.485 -0.483 -0.477 -0.461 -0.424 -0.360 -0.265 -0.135  0.024  0.194  0.370  0.554  0.415 -0.428 -1.451
    7.300000 -0.490 -0.490 -0.489 -0.488 -0.485 -0.473 -0.442 -0.382 -0.288 -0.168 -0.038  0.096  0.252  0.402  0.108 -0.813 -1.836
    7.400000 -0.495 -0.495 -0.494 -0.494 -0.492 -0.484 -0.463 -0.416 -0.334 -0.230 -0.123 -0.009  0.140  0.241 -0.232 -1.197 -2.212
    7.500000 -0.501 -0.501 -0.501 -0.501 -0.499 -0.494 -0.481 -0.448 -0.386 -0.302 -0.211 -0.107  0.030  0.053 -0.592 -1.577 -2.578
    7.600000 -0.508 -0.508 -0.509 -0.508 -0.507 -0.504 -0.495 -0.474 -0.429 -0.365 -0.288 -0.191 -0.075 -0.182 -0.959 -1.948 -2.929
    7.700000 -0.518 -0.518 -0.518 -0.518 -0.517 -0.515 -0.509 -0.494 -0.462 -0.415 -0.352 -0.266 -0.188 -0.462 -1.327 -2.306 -3.261
    7.800000 -0.530 -0.530 -0.530 -0.530 -0.529 -0.528 -0.524 -0.512 -0.489 -0.454 -0.406 -0.339 -0.324 -0.778 -1.689 -2.648 -3.572
    7.900000 -0.544 -0.544 -0.545 -0.545 -0.544 -0.544 -0.540 -0.531 -0.515 -0.490 -0.457 -0.416 -0.496 -1.114 -2.039 -2.970 -3.859
    8.000000 -0.560 -0.560 -0.561 -0.561 -0.561 -0.560 -0.557 -0.551 -0.540 -0.525 -0.507 -0.502 -0.712 -1.450 -2.370 -3.269 -4.125
    8.100000 -0.580 -0.580 -0.580 -0.580 -0.581 -0.580 -0.578 -0.573 -0.567 -0.563 -0.563 -0.608 -0.972 -1.782 -2.681 -3.546 -4.373
    8.300000 -0.633 -0.633 -0.634 -0.634 -0.634 -0.633 -0.633 -0.633 -0.636 -0.654 -0.704 -0.924 -1.558 -2.398 -3.236 -4.043 -4.828
    8.500000 -0.704 -0.704 -0.704 -0.704 -0.704 -0.704 -0.705 -0.709 -0.725 -0.772 -0.912 -1.394 -2.159 -2.948 -3.725 -4.491 -5.253
    8.700001 -0.785 -0.789 -0.789 -0.789 -0.789 -0.789 -0.792 -0.801 -0.833 -0.938 -1.256 -1.880 -2.635 -3.400 -4.156 -4.907 -5.662
