  Z =   3.000000D-02          X =   8.000000D-01


                                        log R

    log T    -7.000 -6.500 -6.000 -5.500 -5.000 -4.500 -4.000 -3.500 -3.000 -2.500 -2.000 -1.500 -1.000 -0.500  0.000  0.500  1.000

    3.000000 -0.283  0.131  0.331  0.464  0.545  0.630  0.705  0.743  0.758  0.760  0.760  0.760  0.761  0.761  0.761  0.761  0.761
    3.050000 -2.283 -2.282 -0.995 -0.747 -0.237  0.176  0.377  0.477  0.570  0.665  0.747  0.784  0.809  0.813  0.814  0.815  0.815
    3.100000 -2.275 -2.276 -2.276 -2.276 -2.277 -2.278 -1.136 -0.882 -0.650 -0.037  0.282  0.364  0.575  0.721  0.808  0.841  0.870
    3.150000 -2.336 -2.294 -2.281 -2.277 -2.276 -2.275 -2.275 -2.276 -2.276 -2.277 -2.277 -0.925 -0.726 -0.544 -0.443  0.254  0.631
    3.200000 -3.768 -3.045 -2.496 -2.244 -2.165 -2.140 -2.131 -2.128 -2.125 -2.125 -2.124 -2.125 -2.126 -2.124 -2.124 -2.120 -0.675
    3.250000 -4.942 -4.682 -4.176 -3.476 -2.769 -2.247 -1.998 -1.912 -1.884 -1.873 -1.869 -1.866 -1.864 -1.863 -1.862 -1.860 -1.857
    3.300000 -4.950 -4.924 -4.863 -4.685 -4.285 -3.651 -2.940 -2.317 -1.919 -1.744 -1.683 -1.660 -1.651 -1.645 -1.642 -1.640 -1.637
    3.350000 -4.670 -4.762 -4.819 -4.827 -4.776 -4.615 -4.239 -3.616 -2.908 -2.272 -1.822 -1.591 -1.499 -1.463 -1.447 -1.438 -1.431
    3.400000 -4.236 -4.320 -4.420 -4.523 -4.610 -4.658 -4.634 -4.467 -4.061 -3.419 -2.710 -2.085 -1.643 -1.405 -1.299 -1.252 -1.230
    3.450000 -4.022 -4.034 -4.068 -4.121 -4.189 -4.266 -4.327 -4.345 -4.282 -4.057 -3.608 -2.991 -2.330 -1.751 -1.355 -1.141 -1.036
    3.500000 -4.004 -3.987 -3.961 -3.937 -3.924 -3.922 -3.917 -3.888 -3.822 -3.700 -3.497 -3.194 -2.777 -2.265 -1.722 -1.252 -0.942
    3.550000 -3.828 -3.900 -3.932 -3.928 -3.896 -3.836 -3.743 -3.607 -3.428 -3.209 -2.961 -2.695 -2.417 -2.122 -1.810 -1.495 -1.194
    3.600000 -3.241 -3.413 -3.567 -3.691 -3.773 -3.792 -3.730 -3.569 -3.306 -2.971 -2.609 -2.251 -1.916 -1.607 -1.309 -1.013 -0.721
    3.650000 -2.485 -2.702 -2.907 -3.097 -3.263 -3.392 -3.450 -3.398 -3.208 -2.888 -2.482 -2.047 -1.624 -1.232 -0.877 -0.551 -0.247
    3.700000 -1.732 -1.963 -2.188 -2.404 -2.600 -2.760 -2.855 -2.848 -2.730 -2.517 -2.226 -1.868 -1.457 -1.026 -0.607 -0.218  0.140
    3.750000 -1.076 -1.285 -1.502 -1.714 -1.911 -2.074 -2.169 -2.165 -2.058 -1.876 -1.645 -1.384 -1.092 -0.762 -0.390  0.012  0.410
    3.800000 -0.620 -0.745 -0.901 -1.070 -1.231 -1.362 -1.436 -1.428 -1.335 -1.177 -0.977 -0.758 -0.520 -0.265  0.016  0.333  0.683
    3.850000 -0.462 -0.467 -0.489 -0.539 -0.602 -0.656 -0.678 -0.655 -0.577 -0.454 -0.297 -0.116  0.084  0.301  0.539  0.799  1.092
    3.900000 -0.444 -0.406 -0.342 -0.252 -0.147 -0.054  0.026  0.101  0.183  0.279  0.396  0.533  0.690  0.867  1.067  1.296  1.549
    3.950000 -0.452 -0.407 -0.320 -0.173  0.039  0.289  0.527  0.717  0.858  0.970  1.069  1.176  1.296  1.437  1.597  1.780  1.987
    4.000000 -0.449 -0.413 -0.331 -0.173  0.077  0.403  0.759  1.085  1.345  1.532  1.668  1.780  1.887  2.002  2.132  2.281  2.448
    4.050000 -0.438 -0.410 -0.340 -0.195  0.050  0.393  0.803  1.224  1.600  1.896  2.112  2.267  2.387  2.497  2.612  2.737  2.877
    4.100000 -0.417 -0.394 -0.334 -0.206  0.018  0.343  0.752  1.205  1.655  2.056  2.376  2.609  2.777  2.907  3.025  3.141  3.266
    4.150000 -0.400 -0.376 -0.322 -0.209 -0.010  0.288  0.673  1.122  1.601  2.069  2.483  2.812  3.054  3.230  3.369  3.493  3.615
    4.200000 -0.392 -0.363 -0.308 -0.203 -0.023  0.248  0.608  1.040  1.519  2.014  2.488  2.903  3.232  3.473  3.652  3.798  3.933
    4.250000 -0.391 -0.359 -0.302 -0.200 -0.030  0.224  0.564  0.980  1.450  1.948  2.450  2.926  3.336  3.652  3.888  4.070  4.227
    4.300000 -0.386 -0.354 -0.298 -0.199 -0.035  0.209  0.540  0.950  1.416  1.911  2.420  2.926  3.391  3.778  4.080  4.313  4.497
    4.350000 -0.372 -0.340 -0.287 -0.196 -0.042  0.195  0.526  0.939  1.407  1.907  2.421  2.938  3.436  3.877  4.240  4.524  4.737
    4.400000 -0.355 -0.317 -0.259 -0.170 -0.025  0.204  0.534  0.950  1.424  1.930  2.450  2.976  3.492  3.969  4.377  4.705  4.950
    4.450000 -0.344 -0.299 -0.229 -0.128  0.020  0.241  0.562  0.975  1.454  1.968  2.498  3.035  3.564  4.064  4.500  4.859  5.132
    4.500000 -0.338 -0.291 -0.211 -0.090  0.077  0.309  0.627  1.034  1.510  2.025  2.561  3.106  3.645  4.157  4.609  4.987  5.280
    4.550000 -0.336 -0.290 -0.207 -0.073  0.120  0.379  0.712  1.117  1.585  2.095  2.629  3.175  3.719  4.235  4.695  5.079  5.374
    4.600000 -0.335 -0.291 -0.209 -0.070  0.143  0.434  0.798  1.219  1.684  2.179  2.698  3.233  3.772  4.283  4.737  5.115  5.402
    4.650000 -0.336 -0.293 -0.215 -0.076  0.143  0.451  0.838  1.282  1.757  2.248  2.752  3.270  3.791  4.285  4.724  5.088  5.362
    4.700000 -0.333 -0.295 -0.224 -0.092  0.123  0.433  0.828  1.285  1.775  2.273  2.773  3.274  3.772  4.242  4.661  5.010  5.276
    4.750000 -0.330 -0.295 -0.230 -0.108  0.097  0.397  0.785  1.239  1.732  2.239  2.745  3.242  3.722  4.170  4.571  4.909  5.169
    4.800000 -0.331 -0.295 -0.233 -0.119  0.074  0.362  0.737  1.177  1.661  2.169  2.683  3.184  3.658  4.093  4.481  4.808  5.063
    4.850000 -0.332 -0.295 -0.234 -0.124  0.061  0.336  0.694  1.118  1.591  2.096  2.613  3.120  3.596  4.027  4.406  4.723  4.966
    4.900000 -0.325 -0.290 -0.230 -0.124  0.054  0.318  0.665  1.078  1.541  2.039  2.555  3.065  3.544  3.977  4.349  4.653  4.879
    4.950000 -0.306 -0.273 -0.217 -0.116  0.053  0.310  0.651  1.057  1.512  2.004  2.516  3.025  3.507  3.940  4.304  4.591  4.795
    5.000000 -0.263 -0.235 -0.185 -0.091  0.070  0.320  0.657  1.059  1.508  1.992  2.497  2.999  3.477  3.906  4.257  4.522  4.705
    5.050000 -0.188 -0.164 -0.119 -0.036  0.112  0.347  0.670  1.065  1.510  1.990  2.488  2.982  3.450  3.864  4.194  4.437  4.601
    5.100000 -0.090 -0.061 -0.015  0.064  0.197  0.407  0.705  1.083  1.520  1.993  2.482  2.966  3.416  3.803  4.105  4.327  4.483
    5.150000 -0.009  0.038  0.098  0.185  0.315  0.506  0.775  1.127  1.545  2.003  2.479  2.946  3.369  3.719  3.992  4.198  4.352
    5.200000  0.020  0.090  0.176  0.286  0.431  0.622  0.872  1.193  1.584  2.021  2.478  2.919  3.306  3.617  3.861  4.058  4.217
    5.250000 -0.009  0.081  0.191  0.329  0.500  0.706  0.952  1.252  1.617  2.032  2.466  2.878  3.228  3.502  3.725  3.915  4.081
    5.300000 -0.081  0.018  0.143  0.301  0.497  0.725  0.984  1.282  1.629  2.021  2.433  2.818  3.136  3.383  3.590  3.777  3.949
    5.350000 -0.174 -0.077  0.048  0.211  0.421  0.673  0.958  1.270  1.612  1.989  2.381  2.743  3.037  3.264  3.460  3.646  3.823
    5.400000 -0.266 -0.179 -0.063  0.094  0.305  0.573  0.884  1.219  1.569  1.939  2.315  2.660  2.936  3.149  3.338  3.523  3.701
    5.450000 -0.339 -0.269 -0.167 -0.022  0.180  0.450  0.779  1.139  1.509  1.881  2.248  2.576  2.836  3.040  3.224  3.409  3.588
    5.500000 -0.389 -0.338 -0.254 -0.124  0.065  0.330  0.668  1.052  1.443  1.823  2.182  2.495  2.742  2.938  3.119  3.302  3.483
    5.550000 -0.417 -0.385 -0.324 -0.216 -0.041  0.220  0.567  0.971  1.380  1.768  2.121  2.421  2.655  2.845  3.023  3.206  3.388
    5.600000 -0.428 -0.411 -0.371 -0.290 -0.137  0.117  0.474  0.897  1.323  1.718  2.066  2.354  2.576  2.762  2.938  3.120  3.304
    5.650000 -0.432 -0.421 -0.398 -0.343 -0.220  0.014  0.372  0.813  1.264  1.671  2.016  2.294  2.508  2.690  2.864  3.047  3.236
    5.700000 -0.433 -0.425 -0.408 -0.371 -0.281 -0.082  0.262  0.717  1.194  1.620  1.969  2.240  2.450  2.628  2.800  2.982  3.174
    5.750000 -0.434 -0.426 -0.411 -0.382 -0.315 -0.154  0.158  0.610  1.111  1.560  1.917  2.188  2.398  2.575  2.744  2.924  3.111
    5.800000 -0.434 -0.426 -0.413 -0.387 -0.331 -0.200  0.074  0.506  1.016  1.487  1.859  2.135  2.348  2.526  2.695  2.874  3.050
    5.850000 -0.435 -0.428 -0.414 -0.389 -0.338 -0.224  0.015  0.414  0.917  1.404  1.793  2.080  2.299  2.481  2.653  2.832  2.994
    5.900000 -0.436 -0.429 -0.416 -0.391 -0.342 -0.238 -0.023  0.345  0.829  1.320  1.725  2.025  2.253  2.441  2.614  2.792  2.929
    5.950000 -0.434 -0.427 -0.415 -0.391 -0.344 -0.245 -0.045  0.299  0.763  1.250  1.664  1.975  2.212  2.405  2.578  2.748  2.851
    6.000000 -0.431 -0.423 -0.411 -0.389 -0.344 -0.248 -0.055  0.274  0.720  1.197  1.612  1.932  2.177  2.375  2.544  2.703  2.764
    6.100000 -0.425 -0.414 -0.398 -0.376 -0.334 -0.245 -0.066  0.236  0.647  1.102  1.521  1.860  2.119  2.313  2.470  2.608  2.552
    6.200000 -0.434 -0.420 -0.397 -0.363 -0.312 -0.224 -0.063  0.207  0.587  1.027  1.447  1.790  2.042  2.215  2.347  2.457  2.278
    6.300000 -0.444 -0.438 -0.422 -0.387 -0.320 -0.210 -0.042  0.214  0.567  0.981  1.378  1.695  1.915  2.061  2.184  2.278  1.959
    6.400000 -0.446 -0.445 -0.439 -0.421 -0.371 -0.257 -0.059  0.220  0.566  0.939  1.279  1.543  1.729  1.865  1.997  2.076  1.611
    6.500000 -0.448 -0.446 -0.443 -0.435 -0.408 -0.326 -0.143  0.151  0.505  0.846  1.126  1.343  1.510  1.656  1.809  1.851  1.241
    6.600000 -0.449 -0.448 -0.446 -0.441 -0.424 -0.370 -0.232  0.022  0.354  0.674  0.928  1.122  1.285  1.449  1.623  1.601  0.860
    6.700000 -0.451 -0.450 -0.449 -0.445 -0.433 -0.396 -0.298 -0.101  0.178  0.468  0.709  0.900  1.071  1.253  1.441  1.318  0.472
    6.800000 -0.452 -0.452 -0.451 -0.448 -0.440 -0.415 -0.346 -0.200  0.021  0.269  0.495  0.689  0.874  1.079  1.271  1.005  0.080
    6.900000 -0.453 -0.453 -0.452 -0.450 -0.444 -0.427 -0.379 -0.273 -0.103  0.106  0.314  0.511  0.712  0.935  1.097  0.662 -0.314
    7.000000 -0.456 -0.455 -0.454 -0.451 -0.444 -0.430 -0.396 -0.321 -0.192 -0.021  0.173  0.381  0.593  0.814  0.907  0.298 -0.708
    7.100000 -0.458 -0.458 -0.457 -0.454 -0.446 -0.429 -0.396 -0.334 -0.232 -0.088  0.093  0.290  0.491  0.692  0.675 -0.080 -1.100
    7.200000 -0.461 -0.461 -0.460 -0.459 -0.453 -0.437 -0.400 -0.337 -0.244 -0.117  0.040  0.207  0.382  0.561  0.395 -0.464 -1.489
    7.300000 -0.465 -0.465 -0.465 -0.464 -0.460 -0.448 -0.418 -0.359 -0.267 -0.149 -0.022  0.109  0.265  0.407  0.082 -0.850 -1.873
    7.400000 -0.470 -0.470 -0.470 -0.469 -0.467 -0.460 -0.439 -0.393 -0.312 -0.210 -0.107  0.004  0.153  0.240 -0.263 -1.234 -2.249
    7.500000 -0.476 -0.476 -0.476 -0.476 -0.474 -0.469 -0.456 -0.424 -0.363 -0.281 -0.193 -0.091  0.043  0.046 -0.625 -1.613 -2.614
    7.600000 -0.484 -0.484 -0.484 -0.484 -0.483 -0.479 -0.471 -0.449 -0.405 -0.343 -0.269 -0.174 -0.063 -0.197 -0.994 -1.983 -2.963
    7.700000 -0.493 -0.493 -0.493 -0.493 -0.493 -0.491 -0.485 -0.469 -0.438 -0.393 -0.332 -0.250 -0.180 -0.484 -1.362 -2.341 -3.293
    7.800000 -0.505 -0.505 -0.505 -0.505 -0.505 -0.504 -0.500 -0.488 -0.466 -0.432 -0.386 -0.323 -0.322 -0.806 -1.723 -2.681 -3.602
    7.900000 -0.520 -0.520 -0.520 -0.520 -0.520 -0.519 -0.516 -0.507 -0.491 -0.468 -0.438 -0.402 -0.501 -1.144 -2.072 -3.001 -3.887
    8.000000 -0.536 -0.536 -0.536 -0.536 -0.536 -0.536 -0.532 -0.526 -0.516 -0.503 -0.489 -0.490 -0.725 -1.482 -2.402 -3.298 -4.152
    8.100000 -0.555 -0.555 -0.556 -0.556 -0.556 -0.556 -0.553 -0.549 -0.544 -0.542 -0.545 -0.602 -0.993 -1.814 -2.711 -3.573 -4.398
    8.300000 -0.609 -0.609 -0.609 -0.610 -0.610 -0.609 -0.608 -0.609 -0.614 -0.635 -0.691 -0.932 -1.584 -2.426 -3.263 -4.067 -4.851
    8.500000 -0.679 -0.679 -0.680 -0.680 -0.679 -0.680 -0.681 -0.685 -0.703 -0.756 -0.907 -1.414 -2.184 -2.973 -3.749 -4.513 -5.275
    8.700001 -0.760 -0.764 -0.765 -0.764 -0.764 -0.765 -0.768 -0.778 -0.813 -0.927 -1.264 -1.902 -2.659 -3.423 -4.178 -4.929 -5.683
